character,Admiral Croft,Anna Weston,Anne Elliot,Anne Steele,Anne de Bourgh,Augusta Elton,Captain Benwick,Captain Harville,Captain Wentworth,Caroline Bingley,Catherine Morland,Charles Bingley,Charles Musgrove,Charlotte Lucas,Charlotte Palmer,Colonel Brandon,Colonel Fitzwilliam,Dr. Grant,Edmund Bertram,Edward Ferrars,Eleanor Tilney,Elinor Dashwood,Elizabeth Bennet,Elizabeth Elliot,Emma Woodhouse,Fanny Dashwood,Fanny Price,Fitzwilliam Darcy,Frank Churchill,Frederick Tilney,General Tilney,George Knightley,George Wickham,Georgiana Darcy,Harriet Smith,Henrietta Musgrove,Henry Crawford,Henry Tilney,Isabella Knightley,Isabella Thorpe,James Morland,Jane Bennet,Jane Fairfax,John Dashwood,John Thorpe,John Willoughby,Julia Bertram,Lady Bertram,Lady Catherine de Bourgh,Lady Lucas,Lady Middleton,Lady Russell,Louisa Musgrove,Lucy Steele,Lydia Bennet,Margaret Dashwood,Maria Bertram,Marianne Dashwood,Mary Bennet,Mary Crawford,Mary Musgrove,Miss Bates,Mr. Allen,Mr. Bennet,Mr. Gardiner,Mr. Hurst,Mr. Perry,Mr. Rushworth,Mr. Shepherd,Mr. Weston,Mr. Woodhouse,Mr. Yates,Mrs. Allen,Mrs. Bates,Mrs. Bennet,Mrs. Clay,Mrs. Cole,Mrs. Croft,Mrs. Dashwood,Mrs. Ferrars,Mrs. Gardiner,Mrs. Grant,Mrs. Harville,Mrs. Hurst,Mrs. Jennings,Mrs. Morland,Mrs. Norris,Mrs. Phillips,Mrs. Price,Mrs. Smith,Mrs. Thorpe,Philip Elton,Robert Ferrars,Robert Martin,Sir John Middleton,Sir Thomas Bertram,Sir Walter Elliot,Sir William Lucas,Susan Price,Thomas Palmer,William Collins,William Elliot,William Price
Admiral Croft,1.0,0.765547,0.731521,0.197405,0.439309,0.732223,0.601687,0.505168,0.68334,0.733527,0.791589,0.659643,0.732303,0.5907,0.728056,0.669672,0.349114,0.56363,0.763967,0.659442,0.762799,0.761661,0.745279,0.703154,0.786151,0.671206,0.740966,0.736641,0.692594,0.525595,0.654513,0.778912,0.705476,0.55685,0.686737,0.550617,0.724749,0.756871,0.630462,0.776416,0.503221,0.762956,0.718594,0.548558,0.751796,0.65277,0.709314,0.786887,0.728353,0.455749,0.700291,0.590679,0.591982,0.793158,0.76714,0.648983,0.6526,0.722344,0.603919,0.769353,0.688999,0.68924,0.720911,0.691156,0.52024,0.359134,0.59894,0.615871,0.50277,0.794964,0.7538,0.634725,0.606361,0.55834,0.807149,0.625348,0.434495,0.510153,0.638409,0.590722,0.640459,0.652662,0.254269,0.42033,0.790038,0.555213,0.767899,0.437155,0.685962,0.659561,0.788567,0.690029,0.487375,0.612932,0.647052,0.714831,0.59068,0.646525,0.533223,0.506008,0.670322,0.630428,0.69994
Anna Weston,0.765547,1.0,0.932521,0.237058,0.562208,0.875573,0.671187,0.563965,0.872473,0.855244,0.933229,0.796532,0.869908,0.75342,0.86748,0.837915,0.494036,0.641476,0.935566,0.85711,0.863714,0.919994,0.94414,0.846145,0.95545,0.773382,0.949141,0.881201,0.891312,0.640168,0.793329,0.931121,0.837281,0.662225,0.884897,0.736361,0.894466,0.88573,0.73915,0.915939,0.542714,0.918198,0.885439,0.645456,0.818509,0.829077,0.862553,0.877102,0.843826,0.64597,0.826082,0.773974,0.78055,0.893815,0.904454,0.684749,0.871755,0.90734,0.743449,0.933021,0.863953,0.8854,0.688962,0.826868,0.653258,0.241304,0.772159,0.79461,0.576337,0.907514,0.929677,0.735152,0.766152,0.779371,0.909021,0.762198,0.510182,0.584117,0.830296,0.599765,0.810718,0.779693,0.271098,0.516175,0.89205,0.686178,0.896132,0.570946,0.798396,0.797264,0.805934,0.824776,0.592992,0.738355,0.766033,0.916904,0.778205,0.828738,0.725811,0.652937,0.82316,0.793217,0.79051
Anne Elliot,0.731521,0.932521,1.0,0.227666,0.614749,0.864419,0.68543,0.561437,0.869253,0.84005,0.92196,0.795925,0.870793,0.748086,0.861147,0.838289,0.477289,0.659269,0.942657,0.865107,0.833839,0.933638,0.959826,0.856001,0.946288,0.775346,0.965051,0.88222,0.906721,0.648706,0.797224,0.916839,0.838724,0.669658,0.916732,0.745266,0.890734,0.882119,0.752819,0.887054,0.5342,0.921291,0.897716,0.633726,0.796836,0.846279,0.849971,0.840529,0.838884,0.656871,0.839634,0.797175,0.792578,0.898324,0.892909,0.605831,0.871292,0.929403,0.724277,0.929278,0.874789,0.868961,0.661592,0.834139,0.652517,0.244856,0.755018,0.788991,0.59658,0.887532,0.916119,0.733139,0.74091,0.75386,0.888076,0.73027,0.515605,0.556742,0.862567,0.614768,0.786072,0.805333,0.254241,0.532752,0.874764,0.677992,0.893152,0.588973,0.769165,0.831803,0.756682,0.802009,0.622957,0.762384,0.74942,0.934883,0.824921,0.790687,0.734849,0.640709,0.83432,0.796947,0.809465
Anne Steele,0.197405,0.237058,0.227666,1.0,0.15053,0.273579,0.352839,0.213341,0.228356,0.175116,0.21095,0.289689,0.285053,0.236264,0.193448,0.246299,0.24674,0.208626,0.242329,0.278954,0.16501,0.209465,0.24694,0.205941,0.226002,0.215104,0.253309,0.283476,0.235482,0.202061,0.256781,0.27635,0.298011,0.183015,0.29573,0.178828,0.261776,0.231362,0.226672,0.211239,0.331503,0.248261,0.266581,0.251395,0.236136,0.295177,0.222483,0.189399,0.309467,0.229972,0.211772,0.262852,0.247539,0.221324,0.217454,0.133085,0.244522,0.205914,0.278025,0.230088,0.218665,0.275164,0.132694,0.234976,0.185551,0.253494,0.217166,0.238494,0.158063,0.250105,0.190235,0.248083,0.173545,0.177712,0.200609,0.255375,0.138246,0.16777,0.185721,0.339336,0.124976,0.21359,0.176134,0.114302,0.216288,0.302114,0.209388,0.071611,0.205413,0.220262,0.196272,0.321601,0.134439,0.284937,0.260107,0.235551,0.278662,0.140651,0.209253,0.160555,0.25309,0.327018,0.239488
Anne de Bourgh,0.439309,0.562208,0.614749,0.15053,1.0,0.577937,0.559769,0.380755,0.573636,0.489133,0.545754,0.636844,0.587917,0.569008,0.596671,0.62683,0.416171,0.542654,0.574266,0.645868,0.488202,0.525702,0.595998,0.521773,0.558669,0.495888,0.638172,0.635609,0.648626,0.433663,0.548664,0.578525,0.614683,0.67356,0.670443,0.564991,0.620841,0.581009,0.501315,0.500729,0.438684,0.548163,0.654394,0.426974,0.575745,0.616439,0.56825,0.464458,0.620036,0.447009,0.598422,0.53742,0.561917,0.54173,0.557178,0.287549,0.596041,0.60663,0.525537,0.602277,0.54621,0.614978,0.433883,0.578386,0.434538,0.226313,0.541908,0.548908,0.338823,0.590855,0.56724,0.501578,0.399109,0.450721,0.476485,0.593779,0.407981,0.36739,0.579069,0.496351,0.451933,0.385289,0.272415,0.231552,0.509445,0.444987,0.514413,0.526423,0.502721,0.602848,0.461324,0.642353,0.4046,0.596414,0.593362,0.587944,0.570258,0.455785,0.542269,0.521723,0.584626,0.611096,0.501665
Augusta Elton,0.732223,0.875573,0.864419,0.273579,0.577937,1.0,0.752839,0.596866,0.815396,0.814057,0.853308,0.847579,0.849894,0.745493,0.749883,0.823488,0.554636,0.717973,0.864645,0.864774,0.786229,0.836649,0.88638,0.774013,0.889439,0.734249,0.89225,0.885878,0.824674,0.592371,0.757604,0.881805,0.844356,0.682333,0.864974,0.662894,0.87687,0.887532,0.716486,0.847537,0.578025,0.872685,0.869351,0.605667,0.803956,0.847279,0.811941,0.801087,0.873471,0.659183,0.774636,0.787938,0.73157,0.831668,0.838267,0.581098,0.819068,0.845707,0.733208,0.888312,0.821439,0.877678,0.663309,0.790794,0.672338,0.34471,0.729355,0.79306,0.605938,0.866219,0.840199,0.666974,0.752384,0.744373,0.845544,0.748868,0.504466,0.549898,0.807605,0.675698,0.717629,0.683321,0.31824,0.47184,0.814978,0.653093,0.84729,0.532692,0.73137,0.777384,0.774504,0.831301,0.550434,0.821185,0.7883,0.851536,0.773656,0.750859,0.725257,0.632615,0.832708,0.819132,0.791703
Captain Benwick,0.601687,0.671187,0.68543,0.352839,0.559769,0.752839,1.0,0.542302,0.718012,0.586941,0.631415,0.792677,0.779268,0.682246,0.591851,0.778753,0.548064,0.643174,0.69965,0.806812,0.577534,0.628873,0.687501,0.607047,0.668736,0.581753,0.723747,0.786745,0.713371,0.541741,0.681397,0.739889,0.812395,0.671046,0.77286,0.581802,0.777444,0.707298,0.613057,0.620766,0.712753,0.674115,0.768429,0.627457,0.72868,0.793923,0.656935,0.534039,0.767765,0.587424,0.664503,0.706896,0.617347,0.637263,0.625058,0.324893,0.695174,0.671113,0.675165,0.706059,0.630544,0.736496,0.476878,0.659552,0.580287,0.553638,0.678828,0.734751,0.480792,0.739386,0.630163,0.582999,0.537115,0.561991,0.597711,0.656754,0.464789,0.38621,0.639126,0.667338,0.509094,0.484158,0.316678,0.336583,0.601073,0.594115,0.622348,0.469799,0.535841,0.614986,0.568688,0.823311,0.455737,0.791939,0.744227,0.683143,0.717575,0.55125,0.639628,0.581845,0.712961,0.832693,0.724956
Captain Harville,0.505168,0.563965,0.561437,0.213341,0.380755,0.596866,0.542302,1.0,0.594184,0.481801,0.530926,0.60521,0.544481,0.536054,0.488238,0.601762,0.339895,0.455342,0.580372,0.605739,0.494075,0.5118,0.582251,0.467646,0.551313,0.459056,0.579877,0.621584,0.557606,0.427605,0.498959,0.64294,0.582398,0.491668,0.547004,0.402636,0.611909,0.559873,0.489934,0.502253,0.447967,0.544325,0.569657,0.472059,0.572891,0.561641,0.513538,0.456346,0.552591,0.420993,0.491213,0.518232,0.503982,0.544101,0.539894,0.296569,0.478571,0.496535,0.467349,0.611103,0.431598,0.563122,0.453145,0.531539,0.402734,0.349426,0.454898,0.564105,0.384216,0.585687,0.545664,0.515616,0.398245,0.399028,0.503718,0.475136,0.344549,0.329818,0.47892,0.544591,0.533144,0.448994,0.278131,0.223651,0.491176,0.539531,0.500572,0.392658,0.489532,0.449061,0.471194,0.550632,0.364995,0.524882,0.566841,0.550781,0.589604,0.479244,0.469188,0.433217,0.537999,0.593247,0.484131
Captain Wentworth,0.68334,0.872473,0.869253,0.228356,0.573636,0.815396,0.718012,0.594184,1.0,0.747968,0.833807,0.830941,0.846645,0.761592,0.801733,0.859705,0.498085,0.61485,0.892838,0.866583,0.792517,0.826261,0.881672,0.786348,0.862532,0.740034,0.894603,0.881662,0.893237,0.629863,0.792526,0.881194,0.851879,0.716582,0.8613,0.698186,0.908583,0.831577,0.729346,0.810128,0.594536,0.840525,0.85997,0.645241,0.794426,0.84809,0.831209,0.756057,0.783899,0.639582,0.788287,0.791476,0.782525,0.793879,0.837813,0.556674,0.852744,0.853763,0.68744,0.87733,0.783728,0.841861,0.622588,0.823787,0.600874,0.307138,0.748263,0.833188,0.536117,0.864909,0.850966,0.673781,0.710687,0.674648,0.804814,0.70882,0.454547,0.486619,0.805453,0.618354,0.710108,0.706203,0.23597,0.463796,0.802284,0.630062,0.814313,0.574832,0.715723,0.751586,0.716728,0.836933,0.608729,0.783552,0.783194,0.876507,0.791547,0.778185,0.751698,0.673244,0.809544,0.861819,0.794211
Caroline Bingley,0.733527,0.855244,0.84005,0.175116,0.489133,0.814057,0.586941,0.481801,0.747968,1.0,0.888105,0.707805,0.794874,0.62356,0.750346,0.739201,0.429962,0.554482,0.843628,0.752438,0.804875,0.872407,0.870616,0.763646,0.898636,0.69122,0.843615,0.78923,0.769488,0.58172,0.712703,0.835302,0.754094,0.533317,0.766878,0.637018,0.773371,0.853773,0.651569,0.88116,0.441199,0.891977,0.791329,0.519338,0.723836,0.730645,0.769934,0.867357,0.752733,0.596665,0.776199,0.657373,0.640138,0.859194,0.83684,0.700661,0.782614,0.86145,0.642653,0.850857,0.829885,0.776152,0.610495,0.710828,0.671437,0.230461,0.648802,0.676721,0.563367,0.806736,0.863836,0.661623,0.781749,0.713921,0.888123,0.699007,0.454983,0.596772,0.749291,0.508269,0.795823,0.711426,0.17336,0.534208,0.839178,0.572297,0.887724,0.474229,0.778671,0.757354,0.747724,0.703909,0.531508,0.66576,0.675398,0.822082,0.700712,0.764405,0.642034,0.539842,0.750762,0.689024,0.72032
Catherine Morland,0.791589,0.933229,0.92196,0.21095,0.545754,0.853308,0.631415,0.530926,0.833807,0.888105,1.0,0.761773,0.846354,0.703919,0.855449,0.805555,0.480006,0.609318,0.917309,0.811593,0.858516,0.922272,0.94213,0.855996,0.961113,0.764808,0.935332,0.859642,0.854713,0.644395,0.770225,0.901656,0.812243,0.63026,0.860542,0.718563,0.856195,0.885744,0.74088,0.937067,0.493125,0.9354,0.865505,0.610799,0.82477,0.797039,0.85885,0.914508,0.815119,0.625015,0.839672,0.729937,0.749407,0.907626,0.929439,0.741078,0.844381,0.905047,0.725427,0.930323,0.877859,0.844363,0.712931,0.809504,0.64954,0.251106,0.723695,0.752238,0.54543,0.883488,0.912712,0.730387,0.801993,0.732282,0.93726,0.737071,0.483877,0.602959,0.803284,0.571079,0.796702,0.782385,0.223465,0.507661,0.892801,0.639167,0.915323,0.540881,0.819512,0.812701,0.822831,0.771881,0.594323,0.710627,0.729092,0.880972,0.754464,0.811142,0.681362,0.596956,0.807775,0.752904,0.778151
Charles Bingley,0.659643,0.796532,0.795925,0.289689,0.636844,0.847579,0.792677,0.60521,0.830941,0.707805,0.761773,1.0,0.83193,0.773959,0.734056,0.836512,0.54649,0.739331,0.808726,0.869106,0.706065,0.750235,0.821994,0.717013,0.793553,0.709964,0.846753,0.877194,0.817859,0.5755,0.764676,0.840943,0.857715,0.790618,0.853041,0.667582,0.895577,0.827836,0.692454,0.739285,0.627118,0.786553,0.852107,0.609199,0.789476,0.865609,0.80927,0.688808,0.836291,0.66029,0.726999,0.757444,0.741177,0.749533,0.765443,0.478219,0.810908,0.812459,0.721712,0.826717,0.758151,0.865609,0.594377,0.777075,0.65558,0.368695,0.725001,0.800563,0.601704,0.834685,0.760122,0.600305,0.651771,0.644462,0.741096,0.758919,0.467944,0.461904,0.795155,0.663445,0.604094,0.608667,0.283905,0.388064,0.73178,0.618556,0.773487,0.584396,0.670331,0.719525,0.68537,0.877088,0.531054,0.871938,0.804759,0.819055,0.766509,0.684169,0.763041,0.703327,0.833866,0.8796,0.782007
Charles Musgrove,0.732303,0.869908,0.870793,0.285053,0.587917,0.849894,0.779268,0.544481,0.846645,0.794874,0.846354,0.83193,1.0,0.760618,0.808966,0.843544,0.511318,0.664476,0.884095,0.855045,0.768217,0.852394,0.86032,0.802648,0.877796,0.728761,0.882023,0.873849,0.874692,0.588346,0.808492,0.899832,0.862209,0.691408,0.886876,0.707424,0.895819,0.854788,0.722767,0.846272,0.599791,0.862397,0.882566,0.621302,0.808669,0.853675,0.844019,0.797044,0.838261,0.662983,0.795111,0.789795,0.765148,0.847624,0.83292,0.599002,0.832221,0.873129,0.70436,0.860292,0.839832,0.865931,0.624889,0.806271,0.620862,0.370633,0.762498,0.797801,0.560001,0.872073,0.842304,0.672706,0.704368,0.69533,0.835477,0.771883,0.517908,0.542393,0.806331,0.639759,0.681237,0.719433,0.291536,0.545399,0.836555,0.661252,0.846436,0.530958,0.753932,0.778302,0.772531,0.88008,0.562313,0.824917,0.779362,0.872223,0.796073,0.735706,0.717367,0.676904,0.812827,0.848781,0.796379
Charlotte Lucas,0.5907,0.75342,0.748086,0.236264,0.569008,0.745493,0.682246,0.536054,0.761592,0.62356,0.703919,0.773959,0.760618,1.0,0.682179,0.758039,0.444448,0.565181,0.744924,0.786374,0.637754,0.680469,0.749043,0.648223,0.724293,0.643418,0.796241,0.804229,0.771905,0.519368,0.711145,0.767797,0.799163,0.713827,0.770513,0.65793,0.807068,0.753614,0.626619,0.705369,0.564855,0.738093,0.786518,0.512398,0.699266,0.789611,0.748506,0.617402,0.765488,0.561591,0.701335,0.698933,0.689316,0.688139,0.718592,0.413878,0.729597,0.74055,0.667428,0.768905,0.658647,0.78611,0.56987,0.734209,0.529929,0.251002,0.691236,0.729635,0.477466,0.742367,0.725613,0.579883,0.555815,0.58774,0.666042,0.667264,0.516477,0.447718,0.705993,0.599015,0.567895,0.574571,0.316605,0.376385,0.672949,0.543168,0.66776,0.647928,0.62776,0.646747,0.638542,0.776593,0.501128,0.755008,0.773852,0.753993,0.743373,0.680175,0.687404,0.671859,0.718554,0.781037,0.67854
Charlotte Palmer,0.728056,0.86748,0.861147,0.193448,0.596671,0.749883,0.591851,0.488238,0.801733,0.750346,0.855449,0.734056,0.808966,0.682179,1.0,0.775898,0.381098,0.583928,0.870157,0.76105,0.811648,0.881377,0.870776,0.827958,0.877936,0.724627,0.868866,0.805438,0.824011,0.559583,0.752647,0.84921,0.753993,0.695193,0.831133,0.722874,0.82442,0.797884,0.745995,0.825083,0.47071,0.808436,0.815666,0.652466,0.762107,0.740555,0.799087,0.820163,0.778138,0.584858,0.787665,0.729578,0.730929,0.873606,0.863132,0.68161,0.799426,0.842612,0.671124,0.861543,0.801955,0.806158,0.692519,0.769928,0.562827,0.223078,0.71827,0.722191,0.475872,0.852085,0.86884,0.703521,0.640031,0.665681,0.842639,0.699417,0.510845,0.503164,0.776316,0.583715,0.728059,0.745323,0.198141,0.483253,0.862156,0.660236,0.826728,0.571142,0.724331,0.756216,0.786453,0.785709,0.574934,0.658248,0.714314,0.844694,0.710599,0.756463,0.625048,0.669737,0.744897,0.694251,0.713355
Colonel Brandon,0.669672,0.837915,0.838289,0.246299,0.62683,0.823488,0.778753,0.601762,0.859705,0.739201,0.805555,0.836512,0.843544,0.758039,0.775898,1.0,0.530026,0.650855,0.856328,0.871834,0.742049,0.802555,0.853551,0.733024,0.819493,0.682572,0.86928,0.89143,0.854776,0.67505,0.817814,0.874772,0.866771,0.729785,0.86483,0.668942,0.874571,0.845432,0.696249,0.77304,0.651818,0.808842,0.85657,0.626393,0.805657,0.858757,0.787275,0.719998,0.8275,0.629522,0.775389,0.777636,0.765553,0.789336,0.812363,0.504438,0.803257,0.814048,0.704331,0.847058,0.764694,0.826473,0.644357,0.790047,0.663786,0.412892,0.75966,0.815623,0.532126,0.855872,0.832768,0.693564,0.648948,0.686235,0.759222,0.711643,0.484498,0.510387,0.78351,0.68685,0.683538,0.654998,0.301247,0.421862,0.768271,0.678015,0.770936,0.603851,0.69202,0.767867,0.70987,0.843549,0.592671,0.794982,0.809236,0.837368,0.820306,0.717134,0.709051,0.704668,0.79253,0.859769,0.749587
Colonel Fitzwilliam,0.349114,0.494036,0.477289,0.24674,0.416171,0.554636,0.548064,0.339895,0.498085,0.429962,0.480006,0.54649,0.511318,0.444448,0.381098,0.530026,1.0,0.479019,0.478547,0.568953,0.373732,0.413546,0.501883,0.378287,0.477761,0.357562,0.533879,0.545133,0.522653,0.372096,0.486542,0.518665,0.543209,0.442828,0.538057,0.414046,0.549336,0.512462,0.377376,0.466395,0.4966,0.514819,0.525458,0.39476,0.521463,0.546727,0.454601,0.404726,0.541891,0.418489,0.460576,0.424087,0.471326,0.386581,0.457037,0.274855,0.515928,0.479047,0.517941,0.518622,0.4795,0.53714,0.329267,0.484017,0.512832,0.336238,0.428823,0.485142,0.347783,0.488453,0.449407,0.440292,0.428341,0.436843,0.410801,0.507922,0.235293,0.328665,0.47361,0.441272,0.359655,0.327796,0.209846,0.187796,0.394708,0.365504,0.442933,0.308206,0.416082,0.435349,0.367435,0.560514,0.286035,0.562148,0.558316,0.45656,0.542185,0.397571,0.470585,0.380791,0.531821,0.602238,0.47829
Dr. Grant,0.56363,0.641476,0.659269,0.208626,0.542654,0.717973,0.643174,0.455342,0.61485,0.554482,0.609318,0.739331,0.664476,0.565181,0.583928,0.650855,0.479019,1.0,0.657359,0.666734,0.572967,0.621481,0.66423,0.577221,0.641956,0.639784,0.680645,0.665554,0.64348,0.413724,0.588992,0.669001,0.659517,0.579332,0.699948,0.505714,0.698132,0.663294,0.572209,0.564783,0.488593,0.607126,0.688149,0.526959,0.646107,0.674567,0.605704,0.568752,0.711441,0.648968,0.570405,0.601987,0.552699,0.618967,0.602635,0.382958,0.66612,0.64526,0.647311,0.670481,0.630174,0.742982,0.54246,0.609277,0.595134,0.300039,0.621681,0.634026,0.566516,0.67841,0.617709,0.472273,0.538735,0.576993,0.604392,0.586759,0.489119,0.321872,0.685733,0.536436,0.46179,0.496428,0.259469,0.277551,0.597311,0.500163,0.638218,0.413965,0.55011,0.616813,0.575382,0.697024,0.407418,0.717128,0.628984,0.674336,0.560736,0.507472,0.61359,0.562865,0.708795,0.652596,0.665431
Edmund Bertram,0.763967,0.935566,0.942657,0.242329,0.574266,0.864645,0.69965,0.580372,0.892838,0.843628,0.917309,0.808726,0.884095,0.744924,0.870157,0.856328,0.478547,0.657359,1.0,0.863313,0.863884,0.93721,0.953379,0.842126,0.945108,0.787859,0.947814,0.903707,0.907605,0.661219,0.828477,0.935722,0.856615,0.680023,0.890178,0.737409,0.912055,0.899685,0.759195,0.888898,0.554107,0.906324,0.879965,0.655409,0.843416,0.846355,0.869104,0.867818,0.846004,0.642817,0.83797,0.797679,0.781544,0.90225,0.901367,0.64741,0.881183,0.905832,0.721312,0.929975,0.866457,0.872151,0.701235,0.849222,0.66566,0.290192,0.763018,0.824465,0.597375,0.915565,0.92322,0.757018,0.755279,0.752597,0.901163,0.737934,0.518424,0.543196,0.858141,0.614451,0.804224,0.822354,0.259191,0.54068,0.895517,0.704211,0.90057,0.57022,0.779394,0.821258,0.799799,0.831832,0.625902,0.774024,0.773194,0.938941,0.809625,0.811155,0.739154,0.679775,0.837966,0.810969,0.827544
Edward Ferrars,0.659442,0.85711,0.865107,0.278954,0.645868,0.864774,0.806812,0.605739,0.866583,0.752438,0.811593,0.869106,0.855045,0.786374,0.76105,0.871834,0.568953,0.666734,0.863313,1.0,0.732169,0.8019,0.871224,0.742388,0.845612,0.687171,0.901874,0.902047,0.868423,0.660552,0.770789,0.862119,0.881515,0.758273,0.883953,0.725552,0.89718,0.856423,0.674748,0.785259,0.641355,0.843936,0.878926,0.620894,0.824504,0.894117,0.816039,0.708809,0.849353,0.646342,0.777145,0.787679,0.785352,0.78665,0.810738,0.471638,0.842003,0.842368,0.738005,0.871824,0.780408,0.869861,0.628131,0.807875,0.663495,0.354814,0.758418,0.811571,0.575263,0.855507,0.826746,0.704331,0.663691,0.730494,0.760189,0.750568,0.460474,0.527585,0.810034,0.639877,0.705627,0.657576,0.279992,0.385803,0.752162,0.638696,0.781019,0.59807,0.684979,0.773519,0.66992,0.855135,0.582512,0.846768,0.815226,0.857043,0.845931,0.731121,0.765528,0.693858,0.803502,0.880856,0.77409
Eleanor Tilney,0.762799,0.863714,0.833839,0.16501,0.488202,0.786229,0.577534,0.494075,0.792517,0.804875,0.858516,0.706065,0.768217,0.637754,0.811648,0.742049,0.373732,0.572967,0.863884,0.732169,1.0,0.87285,0.852548,0.793756,0.879772,0.771016,0.832895,0.784219,0.753711,0.567897,0.729921,0.843412,0.741082,0.612938,0.754697,0.671029,0.807733,0.823354,0.729428,0.845247,0.449889,0.829121,0.775734,0.606314,0.741686,0.698664,0.777248,0.821471,0.751024,0.584403,0.776056,0.722508,0.657228,0.850642,0.845,0.672579,0.785683,0.820655,0.630406,0.858826,0.782289,0.774179,0.620952,0.773125,0.595552,0.231619,0.715365,0.745225,0.543054,0.838375,0.869547,0.64768,0.727613,0.678262,0.8761,0.69609,0.502228,0.522646,0.740535,0.539967,0.774396,0.740687,0.204055,0.461334,0.885815,0.586598,0.853301,0.518712,0.734197,0.726417,0.810349,0.742525,0.57413,0.607206,0.68614,0.835207,0.662884,0.783511,0.649997,0.564566,0.741834,0.679528,0.750793
Elinor Dashwood,0.761661,0.919994,0.933638,0.209465,0.525702,0.836649,0.628873,0.5118,0.826261,0.872407,0.922272,0.750235,0.852394,0.680469,0.881377,0.802555,0.413546,0.621481,0.93721,0.8019,0.87285,1.0,0.946587,0.858223,0.960211,0.762935,0.925113,0.849319,0.854174,0.601182,0.801026,0.911374,0.807576,0.61104,0.86572,0.733786,0.847785,0.865086,0.756517,0.903205,0.46611,0.904393,0.849895,0.61713,0.778504,0.781665,0.836367,0.896546,0.794356,0.642118,0.827706,0.775681,0.726556,0.941012,0.894621,0.70261,0.842447,0.917105,0.693926,0.908268,0.896838,0.829532,0.671337,0.792671,0.665372,0.246399,0.732391,0.758698,0.58055,0.878411,0.91599,0.719135,0.759521,0.744404,0.929883,0.708238,0.512918,0.562328,0.837361,0.57933,0.813682,0.825768,0.191122,0.593798,0.92332,0.680612,0.931862,0.551288,0.779431,0.798033,0.806928,0.781014,0.586727,0.69385,0.700013,0.908178,0.7597,0.797651,0.672725,0.631781,0.805626,0.727758,0.790206
Elizabeth Bennet,0.745279,0.94414,0.959826,0.24694,0.595998,0.88638,0.687501,0.582251,0.881672,0.870616,0.94213,0.821994,0.86032,0.749043,0.870776,0.853551,0.501883,0.66423,0.953379,0.871224,0.852548,0.946587,1.0,0.861885,0.963984,0.780834,0.971148,0.904079,0.899945,0.669774,0.817415,0.930265,0.853083,0.678466,0.912456,0.743556,0.901664,0.898388,0.756779,0.902225,0.538292,0.934509,0.891491,0.652163,0.818878,0.845709,0.865314,0.865299,0.852517,0.678577,0.844068,0.797563,0.787097,0.903566,0.917649,0.649998,0.89165,0.9253,0.758597,0.953153,0.880237,0.878912,0.687977,0.843885,0.705155,0.26556,0.751462,0.811611,0.595835,0.90195,0.928138,0.765728,0.780405,0.757159,0.911584,0.745313,0.506389,0.562062,0.865162,0.632689,0.825401,0.814336,0.253089,0.516672,0.883551,0.712761,0.911302,0.579095,0.776516,0.822699,0.780726,0.814763,0.621722,0.773736,0.777,0.93798,0.823724,0.831691,0.741349,0.659187,0.86065,0.807243,0.823957
Elizabeth Elliot,0.703154,0.846145,0.856001,0.205941,0.521773,0.774013,0.607047,0.467646,0.786348,0.763646,0.855996,0.717013,0.802648,0.648223,0.827958,0.733024,0.378287,0.577221,0.842126,0.742388,0.793756,0.858223,0.861885,1.0,0.880931,0.699237,0.857324,0.780097,0.791712,0.581739,0.712615,0.824109,0.727976,0.617071,0.816986,0.696763,0.812807,0.765498,0.760978,0.824844,0.437966,0.834383,0.802187,0.604221,0.735104,0.720217,0.803987,0.806213,0.754743,0.604684,0.789031,0.744687,0.671196,0.838736,0.845831,0.673817,0.800361,0.84826,0.639115,0.846117,0.802279,0.77151,0.613622,0.745261,0.537768,0.251478,0.677816,0.697299,0.517745,0.820863,0.820707,0.65641,0.693771,0.606176,0.854264,0.685424,0.420116,0.519393,0.739013,0.602058,0.681868,0.726043,0.216739,0.466148,0.844744,0.582837,0.847417,0.520183,0.702855,0.74887,0.763955,0.741024,0.607645,0.653068,0.647442,0.839651,0.693046,0.714561,0.628957,0.553518,0.761233,0.707971,0.756341
Emma Woodhouse,0.786151,0.95545,0.946288,0.226002,0.558669,0.889439,0.668736,0.551313,0.862532,0.898636,0.961113,0.793553,0.877796,0.724293,0.877936,0.819493,0.477761,0.641956,0.945108,0.845612,0.879772,0.960211,0.963984,0.880931,1.0,0.76962,0.956142,0.886292,0.873753,0.626776,0.788827,0.934734,0.834165,0.652182,0.892964,0.735943,0.887,0.902185,0.76719,0.944522,0.498093,0.941643,0.888301,0.638147,0.815951,0.816476,0.87734,0.916813,0.843639,0.655252,0.844275,0.787805,0.748211,0.933194,0.927307,0.733956,0.866468,0.93012,0.729116,0.944683,0.900082,0.875056,0.693941,0.820334,0.680173,0.252803,0.744428,0.778689,0.589826,0.901823,0.932307,0.736189,0.800177,0.75858,0.948162,0.762572,0.514138,0.596598,0.839399,0.604476,0.817363,0.801532,0.229615,0.541695,0.923347,0.668306,0.94283,0.559333,0.810729,0.823148,0.835467,0.817643,0.612559,0.739059,0.752785,0.915348,0.779233,0.838791,0.715709,0.640832,0.83475,0.777174,0.813544
Fanny Dashwood,0.671206,0.773382,0.775346,0.215104,0.495888,0.734249,0.581753,0.459056,0.740034,0.69122,0.764808,0.709964,0.728761,0.643418,0.724627,0.682572,0.357562,0.639784,0.787859,0.687171,0.771016,0.762935,0.780834,0.699237,0.76962,1.0,0.771538,0.728496,0.7189,0.511113,0.70361,0.766619,0.705385,0.589291,0.727735,0.614662,0.75474,0.732066,0.681117,0.710066,0.457059,0.752257,0.763475,0.551744,0.693006,0.698101,0.701631,0.710562,0.715155,0.594222,0.692838,0.653477,0.639519,0.767807,0.738226,0.563564,0.749824,0.756935,0.613237,0.77649,0.701778,0.750281,0.580623,0.71088,0.547304,0.220714,0.651607,0.693581,0.500825,0.769112,0.763489,0.576043,0.632215,0.647518,0.759464,0.618627,0.504382,0.432563,0.705272,0.544156,0.629627,0.668536,0.226006,0.44548,0.762924,0.577905,0.748105,0.452111,0.656786,0.670906,0.686246,0.700489,0.495131,0.656005,0.626313,0.789296,0.608116,0.630248,0.617132,0.552376,0.702231,0.683817,0.701244
Fanny Price,0.740966,0.949141,0.965051,0.253309,0.638172,0.89225,0.723747,0.579877,0.894603,0.843615,0.935332,0.846753,0.882023,0.796241,0.868866,0.86928,0.533879,0.680645,0.947814,0.901874,0.832895,0.925113,0.971148,0.857324,0.956142,0.771538,1.0,0.920855,0.925241,0.668202,0.810611,0.931919,0.874002,0.723816,0.939626,0.768001,0.919393,0.909051,0.762651,0.905749,0.566498,0.934862,0.916061,0.645661,0.842083,0.879395,0.876712,0.851887,0.873691,0.675978,0.853771,0.806534,0.8107,0.889453,0.917015,0.625891,0.903054,0.934778,0.773964,0.952999,0.879351,0.906183,0.696448,0.851917,0.685317,0.261129,0.765052,0.813466,0.598564,0.903293,0.925352,0.744088,0.760939,0.761889,0.88805,0.775633,0.513185,0.588428,0.861219,0.648267,0.782054,0.782007,0.286741,0.490883,0.87433,0.680425,0.899166,0.62593,0.781217,0.832405,0.775901,0.84651,0.628345,0.808891,0.801101,0.934434,0.83275,0.820562,0.780796,0.676821,0.85724,0.842209,0.823238
Fitzwilliam Darcy,0.736641,0.881201,0.88222,0.283476,0.635609,0.885878,0.786745,0.621584,0.881662,0.78923,0.859642,0.877194,0.873849,0.804229,0.805438,0.89143,0.545133,0.665554,0.903707,0.902047,0.784219,0.849319,0.904079,0.780097,0.886292,0.728496,0.920855,1.0,0.883822,0.678164,0.829378,0.920363,0.915891,0.782457,0.893988,0.699662,0.921321,0.89369,0.701333,0.849036,0.641317,0.873165,0.889732,0.644846,0.844463,0.899312,0.856766,0.77855,0.860201,0.630773,0.792324,0.793449,0.796547,0.839536,0.856328,0.575548,0.854328,0.875469,0.729421,0.903793,0.807368,0.87885,0.686789,0.840999,0.659605,0.364112,0.751614,0.829678,0.567162,0.889059,0.862175,0.724358,0.685313,0.707933,0.831707,0.765824,0.520386,0.548585,0.809723,0.68312,0.718493,0.709333,0.284486,0.487977,0.812232,0.684228,0.83553,0.610803,0.745566,0.790805,0.757201,0.888295,0.626857,0.860616,0.833705,0.881096,0.8465,0.759366,0.749461,0.702692,0.846461,0.88398,0.804382
Frank Churchill,0.692594,0.891312,0.906721,0.235482,0.648626,0.824674,0.713371,0.557606,0.893237,0.769488,0.854713,0.817859,0.874692,0.771905,0.824011,0.854776,0.522653,0.64348,0.907605,0.868423,0.753711,0.854174,0.899945,0.791712,0.873753,0.7189,0.925241,0.883822,1.0,0.622938,0.809558,0.886257,0.847646,0.701567,0.90124,0.715321,0.902037,0.846452,0.689389,0.819425,0.592554,0.859011,0.885705,0.609853,0.829172,0.864391,0.829865,0.77253,0.820802,0.633179,0.7954,0.762186,0.807884,0.819048,0.851766,0.554691,0.866297,0.886798,0.709051,0.880032,0.834026,0.866186,0.651038,0.829529,0.626887,0.289754,0.759522,0.816738,0.552325,0.874896,0.860367,0.683402,0.681374,0.711499,0.812751,0.714048,0.465163,0.520489,0.833269,0.609384,0.706169,0.734722,0.26029,0.491896,0.811365,0.654915,0.822716,0.60618,0.737233,0.786965,0.713087,0.83211,0.581035,0.806454,0.786843,0.891671,0.816262,0.764198,0.77086,0.721557,0.813059,0.836652,0.781739
Frederick Tilney,0.525595,0.640168,0.648706,0.202061,0.433663,0.592371,0.541741,0.427605,0.629863,0.58172,0.644395,0.5755,0.588346,0.519368,0.559583,0.67505,0.372096,0.413724,0.661219,0.660552,0.567897,0.601182,0.669774,0.581739,0.626776,0.511113,0.668202,0.678164,0.622938,1.0,0.607588,0.631934,0.658191,0.526953,0.626274,0.518186,0.650699,0.633485,0.486264,0.600593,0.488677,0.654669,0.608944,0.449034,0.60947,0.631775,0.596233,0.547917,0.610695,0.370598,0.604277,0.547788,0.603247,0.590864,0.651727,0.402667,0.616801,0.59804,0.5501,0.648965,0.525768,0.544328,0.525362,0.626336,0.422651,0.259628,0.5279,0.589653,0.343909,0.61665,0.646054,0.615048,0.478947,0.470352,0.572773,0.483707,0.273953,0.436455,0.557592,0.476536,0.595047,0.525917,0.23192,0.230754,0.574269,0.458722,0.578538,0.448746,0.557813,0.593934,0.503241,0.571376,0.537346,0.562831,0.563817,0.640422,0.643885,0.549367,0.494343,0.440959,0.543672,0.617186,0.54588
General Tilney,0.654513,0.793329,0.797224,0.256781,0.548664,0.757604,0.681397,0.498959,0.792526,0.712703,0.770225,0.764676,0.808492,0.711145,0.752647,0.817814,0.486542,0.588992,0.828477,0.770789,0.729921,0.801026,0.817415,0.712615,0.788827,0.70361,0.810611,0.829378,0.809558,0.607588,1.0,0.837488,0.802493,0.64102,0.787482,0.617843,0.822605,0.783599,0.662563,0.757234,0.593023,0.774517,0.786479,0.559893,0.731012,0.790152,0.745491,0.732662,0.751225,0.618548,0.740388,0.692113,0.714885,0.767419,0.768896,0.567083,0.774021,0.805058,0.64315,0.787347,0.768041,0.786812,0.577851,0.736762,0.617323,0.372355,0.709163,0.731376,0.524844,0.826352,0.786336,0.641564,0.621938,0.676251,0.766759,0.655989,0.491767,0.467648,0.765089,0.628686,0.628856,0.701484,0.244211,0.505319,0.775418,0.650946,0.781227,0.54954,0.694408,0.703349,0.69505,0.80969,0.557144,0.726879,0.736791,0.816696,0.748663,0.681122,0.644695,0.671629,0.765238,0.771665,0.764103
George Knightley,0.778912,0.931121,0.916839,0.27635,0.578525,0.881805,0.739889,0.64294,0.881194,0.835302,0.901656,0.840943,0.899832,0.767797,0.84921,0.874772,0.518665,0.669001,0.935722,0.862119,0.843412,0.911374,0.930265,0.824109,0.934734,0.766619,0.931919,0.920363,0.886257,0.631934,0.837488,1.0,0.87973,0.706608,0.887163,0.698077,0.915566,0.89669,0.753391,0.885062,0.577537,0.901073,0.879508,0.649758,0.824618,0.858579,0.862936,0.851927,0.852284,0.663491,0.810889,0.801408,0.772021,0.896368,0.867602,0.642372,0.852721,0.894781,0.726827,0.925521,0.860212,0.8966,0.692664,0.835968,0.681395,0.346078,0.771042,0.809035,0.604653,0.906847,0.900084,0.746628,0.735956,0.734453,0.889594,0.756794,0.570211,0.543725,0.833095,0.662512,0.773284,0.77175,0.289831,0.549235,0.884591,0.729267,0.890554,0.565145,0.788655,0.783207,0.816323,0.868711,0.583586,0.794945,0.814065,0.907772,0.825835,0.796415,0.72684,0.696288,0.849595,0.838146,0.806364
George Wickham,0.705476,0.837281,0.838724,0.298011,0.614683,0.844356,0.812395,0.582398,0.851879,0.754094,0.812243,0.857715,0.862209,0.799163,0.753993,0.866771,0.543209,0.659517,0.856615,0.881515,0.741082,0.807576,0.853083,0.727976,0.834165,0.705385,0.874002,0.915891,0.847646,0.658191,0.802493,0.87973,1.0,0.722194,0.869362,0.664804,0.892406,0.836773,0.695453,0.792747,0.669345,0.836863,0.860911,0.637278,0.832218,0.912649,0.805314,0.727373,0.835852,0.637884,0.773666,0.774171,0.754574,0.795097,0.796336,0.52089,0.814607,0.837377,0.752169,0.858542,0.768939,0.845576,0.646397,0.815614,0.643532,0.426529,0.745705,0.806765,0.559815,0.846148,0.809443,0.686254,0.66879,0.660816,0.778579,0.74089,0.521294,0.519919,0.772567,0.682352,0.669371,0.661384,0.294121,0.430638,0.773909,0.661343,0.789746,0.579007,0.696843,0.757908,0.72891,0.870781,0.56918,0.847653,0.819998,0.840399,0.805948,0.714161,0.72072,0.688581,0.827994,0.894919,0.785992
Georgiana Darcy,0.55685,0.662225,0.669658,0.183015,0.67356,0.682333,0.671046,0.491668,0.716582,0.533317,0.63026,0.790618,0.691408,0.713827,0.695193,0.729785,0.442828,0.579332,0.680023,0.758273,0.612938,0.61104,0.678466,0.617071,0.652182,0.589291,0.723816,0.782457,0.701567,0.526953,0.64102,0.706608,0.722194,1.0,0.73938,0.650053,0.772911,0.71116,0.618785,0.616338,0.514283,0.64529,0.752977,0.50335,0.672111,0.737708,0.726422,0.554235,0.734413,0.543315,0.622271,0.667592,0.686799,0.649142,0.668293,0.395043,0.687937,0.671276,0.604987,0.717836,0.606243,0.734207,0.55382,0.690565,0.497774,0.27546,0.644041,0.70322,0.403536,0.700947,0.65713,0.60033,0.477734,0.522672,0.594234,0.665124,0.477049,0.400142,0.657021,0.585793,0.50075,0.497216,0.257606,0.260259,0.608509,0.48367,0.604957,0.58803,0.591352,0.604776,0.602622,0.776467,0.561285,0.729795,0.722718,0.675026,0.691812,0.57705,0.615036,0.646749,0.660264,0.736649,0.631758
Harriet Smith,0.686737,0.884897,0.916732,0.29573,0.670443,0.864974,0.77286,0.547004,0.8613,0.766878,0.860542,0.853041,0.886876,0.770513,0.831133,0.86483,0.538057,0.699948,0.890178,0.883953,0.754697,0.86572,0.912456,0.816986,0.892964,0.727735,0.939626,0.893988,0.90124,0.626274,0.787482,0.887163,0.869362,0.73938,1.0,0.770611,0.900285,0.849854,0.738218,0.826183,0.606613,0.880299,0.914892,0.622382,0.80923,0.881952,0.858718,0.779895,0.871277,0.679646,0.808913,0.824909,0.817573,0.84321,0.857658,0.542552,0.875602,0.904573,0.784385,0.891707,0.863832,0.893237,0.618766,0.797502,0.665209,0.339686,0.742535,0.798046,0.564807,0.87538,0.851946,0.681906,0.702943,0.706827,0.813843,0.765978,0.49973,0.535294,0.83271,0.683435,0.683363,0.720797,0.315987,0.496187,0.820494,0.701308,0.842723,0.606503,0.729795,0.811359,0.722998,0.852206,0.590576,0.830466,0.774565,0.878594,0.822222,0.718047,0.747105,0.672283,0.832004,0.854096,0.804163
Henrietta Musgrove,0.550617,0.736361,0.745266,0.178828,0.564991,0.662894,0.581802,0.402636,0.698186,0.637018,0.718563,0.667582,0.707424,0.65793,0.722874,0.668942,0.414046,0.505714,0.737409,0.725552,0.671029,0.733786,0.743556,0.696763,0.735943,0.614662,0.768001,0.699662,0.715321,0.518186,0.617843,0.698077,0.664804,0.650053,0.770611,1.0,0.73319,0.694555,0.658114,0.682728,0.426987,0.720744,0.765145,0.472076,0.625232,0.680453,0.718448,0.659041,0.697061,0.531213,0.720114,0.679855,0.657509,0.733015,0.757223,0.468673,0.747773,0.73764,0.618293,0.722955,0.702982,0.704188,0.490879,0.65126,0.494788,0.182156,0.620341,0.65075,0.416763,0.706216,0.714986,0.623957,0.568587,0.585388,0.670607,0.663053,0.410532,0.453611,0.649931,0.529191,0.622342,0.622203,0.234229,0.373783,0.71177,0.531917,0.708317,0.520909,0.659747,0.649812,0.595987,0.683371,0.491111,0.620917,0.608127,0.724213,0.668172,0.594451,0.568256,0.488518,0.629591,0.656819,0.638865
Henry Crawford,0.724749,0.894466,0.890734,0.261776,0.620841,0.87687,0.777444,0.611909,0.908583,0.773371,0.856195,0.895577,0.895819,0.807068,0.82442,0.874571,0.549336,0.698132,0.912055,0.89718,0.807733,0.847785,0.901664,0.812807,0.887,0.75474,0.919393,0.921321,0.902037,0.650699,0.822605,0.915566,0.892406,0.772911,0.900285,0.73319,1.0,0.876125,0.757814,0.829924,0.620902,0.862578,0.891803,0.637412,0.843223,0.890543,0.881256,0.779072,0.857719,0.670408,0.802124,0.819616,0.810862,0.839112,0.855178,0.569168,0.874432,0.873998,0.734087,0.903411,0.822599,0.895287,0.655757,0.844476,0.648627,0.342092,0.77443,0.853692,0.592863,0.899029,0.861451,0.704257,0.702714,0.697203,0.827797,0.757366,0.498052,0.514736,0.844504,0.656797,0.709712,0.73148,0.289348,0.457563,0.827123,0.659061,0.844891,0.603447,0.746595,0.774585,0.75895,0.891212,0.62417,0.855386,0.824768,0.907177,0.828935,0.779547,0.777861,0.717199,0.8547,0.889451,0.835828
Henry Tilney,0.756871,0.88573,0.882119,0.231362,0.581009,0.887532,0.707298,0.559873,0.831577,0.853773,0.885744,0.827836,0.854788,0.753614,0.797884,0.845432,0.512462,0.663294,0.899685,0.856423,0.823354,0.865086,0.898388,0.765498,0.902185,0.732066,0.909051,0.89369,0.846452,0.633485,0.783599,0.89669,0.836773,0.71116,0.849854,0.694555,0.876125,1.0,0.718221,0.890408,0.541768,0.884648,0.866001,0.598664,0.811836,0.830282,0.832724,0.851348,0.841347,0.638839,0.792478,0.749469,0.745083,0.872524,0.878079,0.636119,0.826783,0.872059,0.720277,0.889529,0.839047,0.859336,0.6885,0.777679,0.698489,0.289188,0.73082,0.783534,0.581532,0.865691,0.894335,0.708875,0.777071,0.768051,0.86734,0.755687,0.515195,0.587552,0.818052,0.591912,0.75529,0.704511,0.26347,0.479623,0.849362,0.611001,0.873728,0.583086,0.774901,0.803172,0.776364,0.811614,0.586976,0.798349,0.796135,0.865808,0.803929,0.78588,0.742308,0.639881,0.798314,0.797102,0.78373
Isabella Knightley,0.630462,0.73915,0.752819,0.226672,0.501315,0.716486,0.613057,0.489934,0.729346,0.651569,0.74088,0.692454,0.722767,0.626619,0.745995,0.696249,0.377376,0.572209,0.759195,0.674748,0.729428,0.756517,0.756779,0.760978,0.76719,0.681117,0.762651,0.701333,0.689389,0.486264,0.662563,0.753391,0.695453,0.618785,0.738218,0.658114,0.757814,0.718221,1.0,0.72633,0.463624,0.717123,0.747375,0.623798,0.677178,0.65738,0.698054,0.738484,0.713003,0.575468,0.742311,0.750142,0.595597,0.765103,0.749362,0.556637,0.722805,0.712057,0.624994,0.769139,0.714119,0.734983,0.538114,0.703565,0.543827,0.316898,0.650104,0.703788,0.465756,0.760085,0.748406,0.581633,0.616141,0.5549,0.755368,0.623671,0.458535,0.4196,0.687521,0.66315,0.603699,0.651258,0.280943,0.446647,0.776822,0.569319,0.765974,0.472203,0.63013,0.646429,0.746811,0.713048,0.559761,0.615898,0.649674,0.752622,0.625294,0.644305,0.591702,0.528592,0.702006,0.677051,0.677616
Isabella Thorpe,0.776416,0.915939,0.887054,0.211239,0.500729,0.847537,0.620766,0.502253,0.810128,0.88116,0.937067,0.739285,0.846272,0.705369,0.825083,0.77304,0.466395,0.564783,0.888898,0.785259,0.845247,0.903205,0.902225,0.824844,0.944522,0.710066,0.905749,0.849036,0.819425,0.600593,0.757234,0.885062,0.792747,0.616338,0.826183,0.682728,0.829924,0.890408,0.72633,1.0,0.495739,0.915329,0.846145,0.5951,0.785729,0.77014,0.844768,0.911339,0.795502,0.609249,0.818599,0.705537,0.714781,0.882171,0.902601,0.764112,0.801909,0.893791,0.6712,0.898461,0.87302,0.825746,0.679335,0.772078,0.610547,0.228597,0.703246,0.743934,0.525152,0.854342,0.898458,0.687322,0.804202,0.728654,0.934338,0.750581,0.478274,0.611842,0.77551,0.564632,0.771481,0.74744,0.235274,0.560317,0.8879,0.600621,0.911225,0.519518,0.810146,0.787767,0.832415,0.775339,0.578191,0.698974,0.727221,0.849268,0.731553,0.818368,0.665102,0.580067,0.782037,0.739095,0.756951
James Morland,0.503221,0.542714,0.5342,0.331503,0.438684,0.578025,0.712753,0.447967,0.594536,0.441199,0.493125,0.627118,0.599791,0.564855,0.47071,0.651818,0.4966,0.488593,0.554107,0.641355,0.449889,0.46611,0.538292,0.437966,0.498093,0.457059,0.566498,0.641317,0.592554,0.488677,0.593023,0.577537,0.669345,0.514283,0.606613,0.426987,0.620902,0.541768,0.463624,0.495739,1.0,0.528276,0.614173,0.586829,0.616589,0.658075,0.524692,0.395922,0.649432,0.398533,0.543681,0.532001,0.549393,0.461904,0.483215,0.240932,0.544725,0.514282,0.514528,0.557139,0.457117,0.56671,0.412554,0.574751,0.445822,0.545869,0.544126,0.594482,0.405908,0.614032,0.499762,0.485788,0.340871,0.387671,0.469142,0.536524,0.264399,0.33989,0.474963,0.617541,0.377728,0.362082,0.311478,0.253972,0.484784,0.527358,0.459775,0.355327,0.417837,0.539035,0.486904,0.666784,0.370757,0.630695,0.639334,0.531812,0.567567,0.43553,0.524661,0.467092,0.566418,0.702111,0.56427
