character,Admiral Croft,Anna Weston,Anne Elliot,Augusta Elton,Captain Benwick,Captain Harville,Captain Wentworth,Caroline Bingley,Catherine Morland,Charles Bingley,Charles Musgrove,Charlotte Lucas,Charlotte Palmer,Colonel Brandon,Colonel Fitzwilliam,Dr. Grant,Edmund Bertram,Edward Ferrars,Eleanor Tilney,Elinor Dashwood,Elizabeth Bennet,Elizabeth Elliot,Emma Woodhouse,Fanny Dashwood,Fanny Price,Fitzwilliam Darcy,Frank Churchill,Frederick Tilney,General Tilney,George Knightley,George Wickham,Georgiana Darcy,Harriet Smith,Henrietta Musgrove,Henry Crawford,Henry Tilney,Isabella Knightley,Isabella Thorpe,James Morland,Jane Bennet,Jane Fairfax,John Dashwood,John Thorpe,John Willoughby,Julia Bertram,Lady Bertram,Lady Catherine de Bourgh,Lady Lucas,Lady Middleton,Lady Russell,Louisa Musgrove,Lucy Steele,Lydia Bennet,Margaret Dashwood,Maria Bertram,Marianne Dashwood,Mary Bennet,Mary Crawford,Mary Musgrove,Miss Bates,Mr. Allen,Mr. Bennet,Mr. Gardiner,Mr. Hurst,Mr. Rushworth,Mr. Shepherd,Mr. Weston,Mr. Woodhouse,Mr. Yates,Mrs. Allen,Mrs. Bates,Mrs. Bennet,Mrs. Clay,Mrs. Cole,Mrs. Croft,Mrs. Dashwood,Mrs. Ferrars,Mrs. Gardiner,Mrs. Grant,Mrs. Harville,Mrs. Hurst,Mrs. Jennings,Mrs. Morland,Mrs. Norris,Mrs. Price,Mrs. Smith,Mrs. Thorpe,Philip Elton,Robert Ferrars,Sir John Middleton,Sir Thomas Bertram,Sir Walter Elliot,Sir William Lucas,Susan Price,Thomas Palmer,William Collins,William Elliot,William Price
Admiral Croft,1.0,0.076361,0.248768,0.435779,-0.110336,0.130464,0.044364,-0.085374,-0.380466,-0.139028,0.488102,-0.119402,-0.039222,-0.310097,-0.048549,-0.05936,0.062973,-0.218207,-0.070484,-0.321301,-0.423057,0.197426,-0.088094,0.042873,-0.322179,-0.306405,0.103971,-0.112256,-0.14204,0.03339,-0.25752,-0.193513,-0.100225,0.155933,0.265409,-0.045926,-0.155041,0.035876,-0.342437,-0.27084,0.079783,0.137037,0.325667,-0.306616,0.065944,-0.274522,0.072885,-0.33243,-0.271317,-0.036409,0.122814,-0.260433,0.123565,-0.214709,-0.087416,-0.3286,-0.173342,0.145163,0.24927,0.266056,-0.079273,-0.17266,0.260789,-0.277665,-0.011435,0.326027,0.208705,0.24281,0.01553,-0.074056,0.085877,0.122949,0.313426,-0.284153,0.279706,-0.016915,-0.093452,-0.147398,0.104748,0.147486,-0.06396,0.225469,-0.125857,0.322931,0.150812,0.273141,-0.240769,0.199449,0.09713,0.07898,-0.082992,0.359644,-0.13786,0.073378,-0.309697,0.042928,0.139441,0.326765
Anna Weston,0.076361,1.0,0.221798,0.439662,-0.182465,-0.10244,-0.131432,-0.137108,-0.278407,-0.180938,0.099583,0.016956,-0.077585,0.093512,-0.044181,-0.177485,-0.012582,-0.080817,0.040333,0.121273,-0.085898,0.294683,0.629107,0.081223,-0.291118,-0.029498,0.319845,-0.193757,-0.214605,0.618554,-0.039016,-0.130709,0.438112,0.040018,0.019074,0.021347,0.019429,0.018761,-0.237128,0.064686,0.499875,0.036406,-0.069406,-0.091127,-0.011135,-0.217283,0.129432,-0.265882,-0.246035,-0.027136,0.029375,0.071683,-0.26708,-0.080078,-0.091786,0.022782,-0.153454,-0.123123,0.136843,0.508841,-0.031767,-0.185993,0.231158,-0.272388,-0.183289,0.056386,0.41135,0.378045,-0.137113,-0.23292,0.306974,-0.00729,0.055988,0.156996,0.063615,0.1563,-0.023327,0.040149,0.066656,0.092194,-0.12531,-0.025749,-0.011016,0.069617,-0.063576,0.206922,-0.156123,0.53225,0.04846,-0.173039,-0.096097,0.009171,0.007665,-0.10089,-0.21121,0.088548,0.153941,-0.113891
Anne Elliot,0.248768,0.221798,1.0,0.001314,-0.063616,0.234569,0.320123,-0.283451,-0.134512,-0.114119,0.344503,-0.176316,-0.121154,0.201658,0.096364,-0.143921,-0.17653,0.104291,-0.000944,0.289124,-0.073821,0.350184,0.222117,-0.054048,-0.207126,-0.044706,0.146169,-0.124899,-0.110882,0.191854,0.039282,-0.067423,0.079684,0.014525,-0.139891,-0.010758,-0.036597,-0.103482,-0.150236,-0.020859,0.1172,0.020266,-0.177495,0.073159,-0.157818,-0.248693,-0.063573,-0.14826,-0.117657,0.253282,0.195969,0.134162,-0.315454,-0.099118,-0.16318,0.190482,-0.086114,-0.190729,0.416404,0.128611,-0.052829,-0.176121,0.067238,-0.194693,-0.145345,0.223523,0.091143,-0.004237,-0.125661,-0.172333,0.064774,-0.202184,0.254905,0.067239,0.270466,0.13629,-0.122244,-0.135517,0.009762,0.170548,-0.18434,-0.017931,-0.04527,-0.233024,-0.243188,0.576558,-0.136865,0.069883,0.029661,-0.02372,-0.191449,0.264938,-0.053233,-0.194913,0.069221,-0.050014,0.344822,-0.14279
Augusta Elton,0.435779,0.439662,0.001314,1.0,-0.277858,-0.159208,-0.29435,0.099758,-0.524985,-0.052985,0.249477,0.008987,-0.00013,-0.238327,-0.104405,0.009455,0.095869,-0.159736,-0.076774,-0.321991,-0.423358,0.339245,0.299806,0.206716,-0.400143,-0.244318,0.238005,-0.253236,-0.15014,0.328218,-0.208919,-0.040037,0.235863,0.111707,0.316525,-0.077699,-0.048814,0.10705,-0.407639,-0.231748,0.491,0.15601,0.258838,-0.335791,0.14509,-0.32227,0.222768,-0.332907,-0.36189,-0.092016,-0.10931,-0.176362,-0.0383,-0.312,-0.014164,-0.28459,-0.052346,0.175392,0.104691,0.615085,-0.072031,-0.134051,0.244739,-0.314322,-0.17949,0.229972,0.345299,0.42608,-0.064434,-0.251461,0.294877,0.192042,0.175526,-0.171328,0.120348,0.046932,-0.014497,-0.035133,0.071991,0.049862,-0.093336,0.036669,-0.140555,0.435405,0.124044,0.153065,-0.097042,0.550675,0.050625,-0.14839,-0.030412,0.185783,0.030193,0.035549,-0.39994,0.204769,0.185052,0.125609
Captain Benwick,-0.110336,-0.182465,-0.063616,-0.277858,1.0,0.093678,0.148084,-0.082049,0.194231,-0.137715,-0.063079,-0.114052,0.018582,-0.005606,-0.133805,-0.05272,-0.127486,0.078239,-0.032169,0.003872,-0.017176,-0.196867,-0.106574,-0.132736,0.17908,-0.030587,-0.124327,0.190967,-0.011824,-0.222738,-0.068162,-0.026385,-0.001729,0.008861,-0.124191,-0.039045,0.039928,0.01099,0.137873,-0.09082,-0.221767,-0.173966,-0.132116,0.162018,-0.124161,-0.008212,-0.2199,0.261845,0.085742,-0.046829,0.146315,0.003672,0.031789,0.223923,-0.054882,0.224994,0.003348,-0.084933,-0.034286,-0.264303,-0.085152,-0.072404,-0.236855,0.149275,0.103912,-0.134747,-0.199441,-0.063578,0.047284,0.055068,-0.07078,-0.175734,-0.042228,-0.028802,-0.079545,-0.099946,0.026292,-0.089948,-0.171406,-0.021169,0.054459,-0.032364,0.000796,-0.220903,-0.046046,-0.116355,-0.064678,-0.198278,0.014672,0.088274,-0.112532,-0.052878,-0.122577,0.007686,0.105915,-0.184873,-0.105003,0.01856
Captain Harville,0.130464,-0.10244,0.234569,-0.159208,0.093678,1.0,0.343484,-0.126228,0.247109,-0.040785,0.009853,-0.104402,0.047741,0.134497,0.143301,-0.051269,0.016237,0.262416,0.066292,0.207391,0.049103,-0.012147,0.010993,-0.099149,0.044245,-0.04003,0.080708,0.076541,0.059311,0.11539,-0.003745,0.216734,-0.004434,-0.207427,0.061532,0.098283,-0.034982,-0.087903,0.042887,-0.126827,-0.127716,-0.067979,0.096536,0.199684,-0.115596,-0.065766,-0.074547,0.022622,0.142167,0.047319,0.015694,-0.014243,-0.053989,0.088386,-0.031576,0.257074,0.049678,0.056296,0.020154,-0.119909,-0.031718,-0.072625,-0.142131,0.05002,0.0462,-0.002106,0.123702,-0.203752,0.011283,-0.070549,-0.19158,-0.171304,0.137875,0.102087,0.090367,-0.053173,-0.117345,-0.14113,-0.083814,-0.155337,-0.113127,0.205564,-0.188665,-0.285926,-0.124385,0.146069,-0.173967,-0.099939,0.007941,0.25751,-0.001379,0.024695,0.01754,-0.135707,0.19834,-0.189275,-0.028405,-0.052071
Captain Wentworth,0.044364,-0.131432,0.320123,-0.29435,0.148084,0.343484,1.0,-0.288177,0.309349,-0.004926,0.078708,-0.197262,-0.030309,0.255822,0.121698,-0.131986,-0.088676,0.205526,-0.002851,0.243269,0.008775,-0.072556,-0.071141,-0.258062,0.162446,-0.090216,0.200932,0.083027,0.144349,-0.037783,-0.049599,-0.002631,-0.058452,-0.10215,-0.127697,0.03098,-0.126521,-0.215369,0.13377,-0.123808,-0.099211,-0.047817,-0.011792,0.349654,-0.076515,0.117619,-0.212666,-0.028447,0.170536,0.188137,0.190765,-0.00506,-0.034653,0.117853,0.079802,0.274323,-0.020601,-0.127494,0.163755,-0.290372,-0.04443,-0.150788,-0.151668,0.107052,0.147289,-0.022917,0.078458,-0.193478,-0.004221,0.040869,-0.134647,-0.309159,-0.017472,0.072533,0.097785,0.055038,-0.253112,-0.1882,0.015126,0.106943,0.01233,0.120165,-0.031062,-0.290146,-0.064703,0.044544,-0.277444,-0.214519,-0.119266,0.334043,-0.001067,0.03935,-0.138699,-0.015565,0.286507,-0.348666,-0.032972,0.106235
Caroline Bingley,-0.085374,-0.137108,-0.283451,0.099758,-0.082049,-0.126228,-0.288177,1.0,-0.070573,0.319833,-0.081463,0.350279,0.03675,-0.136856,-0.080561,-0.017013,-0.02334,-0.133755,-0.023909,-0.260974,0.226455,0.006971,-0.106914,0.129742,-0.157091,0.22233,-0.127243,-0.063774,-0.038296,-0.167386,0.193548,0.134229,-0.034822,-0.048677,0.060464,-0.076983,-0.014151,0.111889,0.008767,0.22521,-0.067604,-0.147569,0.027598,-0.240076,0.064128,-0.06254,0.3812,0.023032,-0.083076,-0.108079,-0.194567,-0.161697,0.217464,-0.074337,-0.013967,-0.229386,0.041916,-0.041477,-0.123256,0.049348,-0.002918,0.267778,0.153607,0.142119,-0.068679,-0.138437,-0.173451,-0.014065,-0.073572,-0.012572,0.001552,0.534145,-0.018646,-0.067348,-0.119863,-0.163319,0.05573,0.330365,-0.043781,-0.119447,0.113791,-0.125372,-0.086754,-0.019853,-0.013929,-0.190521,0.13607,0.045708,-0.07449,-0.153782,-0.075282,0.033805,0.34634,-0.009056,-0.120463,0.315103,0.014409,-0.023507
Catherine Morland,-0.380466,-0.278407,-0.134512,-0.524985,0.194231,0.247109,0.309349,-0.070573,1.0,0.147612,-0.397614,-0.078637,0.150141,0.27193,0.175435,0.023161,0.063294,0.282944,0.346082,0.275641,0.444705,-0.293606,-0.15494,-0.249262,0.569589,0.136208,0.01343,0.209356,0.328285,-0.155479,0.188499,0.148689,-0.024706,-0.421009,-0.090453,0.507396,-0.023979,0.175781,0.45149,0.067496,-0.291731,-0.229497,0.184098,0.301918,0.046564,0.408196,-0.137187,0.177622,0.333185,-0.220002,-0.060943,0.072186,0.077699,0.197187,0.205352,0.331329,-0.059607,0.024453,-0.184856,-0.414596,0.161126,-0.088238,-0.33232,0.248719,0.329631,-0.38035,-0.055919,-0.367148,0.097302,0.352482,-0.239974,-0.219167,-0.222472,0.251494,-0.205826,-0.13694,-0.157497,0.037767,-0.076937,-0.269087,0.203104,0.08394,0.034165,-0.405056,-0.057213,-0.352668,-0.061807,-0.42204,-0.240463,0.307725,0.18247,-0.307891,0.102785,-0.00972,0.55638,-0.40754,-0.355801,0.071803
Charles Bingley,-0.139028,-0.180938,-0.114119,-0.052985,-0.137715,-0.040785,-0.004926,0.319833,0.147612,1.0,-0.217373,0.140606,0.171455,0.008675,0.11969,0.053622,-0.018907,0.029237,-0.046758,-0.116892,0.114273,-0.074314,-0.167579,0.073775,0.07181,0.122144,0.041836,-0.039656,0.092792,-0.12599,0.158908,0.198659,-0.098267,-0.120138,0.021795,0.018066,-0.052375,0.108001,0.103941,-0.009376,0.000995,-0.067915,0.1241,-0.01731,0.140848,0.036903,0.033389,0.138257,0.167099,-0.063378,-0.188724,-0.012719,0.125176,-0.11932,0.049511,-0.169239,0.130801,0.092859,-0.203076,-0.041839,0.04157,0.163829,-0.029831,0.136041,0.078569,-0.133034,-0.118296,-0.166428,-0.024897,0.140115,-0.044052,0.11998,-0.098623,-0.022876,0.097067,-0.2533,-0.223186,0.001507,-0.023521,-0.200472,0.062566,-0.103495,-0.005435,-0.115432,0.005944,-0.140735,0.176181,-0.045223,-0.245167,0.062422,-0.032548,-0.140284,0.410039,-0.032043,0.058206,0.130185,0.088837,-0.028633
Charles Musgrove,0.488102,0.099583,0.344503,0.249477,-0.063079,0.009853,0.078708,-0.081463,-0.397614,-0.217373,1.0,-0.154687,-0.047662,-0.203055,-0.104097,-0.083972,-0.064598,-0.16901,-0.075182,-0.190302,-0.367139,0.259882,-0.020554,0.024449,-0.325254,-0.320519,-0.051282,-0.10744,-0.258435,0.007307,-0.202913,-0.207292,-0.036968,0.3124,0.053804,-0.170141,-0.019016,-0.029256,-0.246882,-0.194214,0.031896,0.097313,0.034245,-0.273824,-0.109898,-0.19288,0.080979,-0.276082,-0.247493,0.143609,0.371854,-0.141038,0.006374,-0.101813,-0.152028,-0.233035,-0.165978,-0.092086,0.593532,0.193857,-0.009728,-0.179446,0.176521,-0.231283,-0.152428,0.328218,0.095924,0.183239,-0.040807,-0.125717,0.056243,0.098113,0.224775,-0.196209,0.232841,0.012715,-0.055964,-0.149672,0.110854,0.290462,-0.193572,0.088757,-0.078978,0.219861,0.013398,0.288521,-0.117528,0.070987,0.02837,-0.023759,-0.145467,0.358999,-0.189215,-0.004253,-0.238424,0.078824,0.236492,0.115287
Charlotte Lucas,-0.119402,0.016956,-0.176316,0.008987,-0.114052,-0.104402,-0.197262,0.350279,-0.078637,0.140606,-0.154687,1.0,0.003025,-0.093539,0.015991,-0.055674,-0.080355,-0.053264,-0.019747,-0.077789,0.351778,-0.094367,0.05728,-0.070863,-0.059396,0.333093,0.017558,0.012751,-0.056325,0.05517,0.247652,0.016215,0.050303,0.008461,0.108071,-0.091463,-0.10681,0.086806,0.001816,0.379922,-0.012732,-0.153102,0.057683,-0.124786,0.049269,-0.05011,0.267367,0.065226,-0.041611,0.169027,-0.142795,-0.045508,0.168587,0.004632,-0.043014,-0.095667,0.09902,0.051192,-0.116671,0.03414,0.024715,0.414514,0.201345,0.101411,-0.030532,-0.205969,-0.035472,-0.054542,-0.118806,-0.046991,-0.001085,0.449068,-0.153805,0.016146,0.035583,-0.037942,0.083539,0.362032,0.064483,-0.161242,-0.131711,-0.077855,-0.042454,-0.082507,-0.139697,-0.109394,0.197821,0.045076,-0.04163,-0.034793,0.083363,-0.137111,0.248879,-0.203598,-0.200362,0.321032,-0.099567,-0.12137
Charlotte Palmer,-0.039222,-0.077585,-0.121154,-0.00013,0.018582,0.047741,-0.030309,0.03675,0.150141,0.171455,-0.047662,0.003025,1.0,-0.009055,-0.069671,0.041926,-0.122935,0.135199,-0.094017,0.116883,-0.08403,0.020731,0.01376,0.123188,0.102722,-0.205087,0.079772,-0.132229,-0.010063,-0.003797,-0.06176,-0.139197,0.098951,-0.198029,-0.086801,-0.081501,0.193579,0.083949,0.079407,-0.128197,0.025789,-0.012481,0.134913,0.141373,-0.049466,0.098477,-0.122775,0.127642,0.348114,-0.055103,-0.139057,0.229551,0.146474,0.09628,-0.043684,0.133108,-0.099641,-0.011138,0.046267,0.11013,0.004756,-0.007647,-0.216666,-0.020987,-0.027779,-0.165098,0.181944,0.018355,-0.082444,0.111382,-0.06857,0.012183,-0.010801,0.066088,-0.000832,-0.081865,0.050522,-0.101052,-0.032652,-0.23713,-0.010335,0.38432,-0.013524,-0.114833,-0.051741,-0.145259,0.130203,-0.03558,-0.166707,0.306581,0.024365,-0.059999,0.067077,-0.101445,0.149878,-0.130093,-0.124743,-0.040141
Colonel Brandon,-0.310097,0.093512,0.201658,-0.238327,-0.005606,0.134497,0.255822,-0.136856,0.27193,0.008675,-0.203055,-0.093539,-0.009055,1.0,0.13999,-0.146342,-0.106144,0.324941,0.087524,0.55954,0.222362,0.051484,0.148374,-0.04302,0.023159,0.083084,0.097025,-0.094305,0.081475,0.092415,0.127205,0.144376,0.055837,-0.184124,-0.173079,0.072541,0.024509,-0.150339,0.17558,0.156956,0.069055,0.079416,-0.202956,0.438354,-0.194444,0.044809,-0.066797,0.005195,0.11611,0.071192,-0.03824,0.322135,-0.210341,0.111833,-0.005322,0.388448,-0.060464,-0.227053,-0.0791,-0.138064,0.103383,-0.031117,-0.039786,0.022028,-0.089358,-0.103554,0.058204,-0.202317,-0.146881,-0.090419,-0.046284,-0.167407,-0.19631,0.237454,0.045548,0.287307,-0.037182,0.14425,-0.064938,-0.121639,0.022754,0.086447,0.036747,-0.393557,-0.103126,0.104208,-0.107833,-0.15495,0.066603,0.075902,-0.033859,-0.134921,-0.069407,-0.106761,0.316329,-0.14665,0.020672,-0.19798
Colonel Fitzwilliam,-0.048549,-0.044181,0.096364,-0.104405,-0.133805,0.143301,0.121698,-0.080561,0.175435,0.11969,-0.104097,0.015991,-0.069671,0.13999,1.0,0.049872,0.129815,0.132874,-0.00526,0.198276,0.291546,0.03399,-0.087664,-0.126576,0.061117,0.168242,-0.00451,0.004244,0.240948,0.048139,0.286155,0.202732,-0.1691,-0.176958,-0.005337,0.144598,-0.069988,-0.121694,0.063871,0.112197,-0.06398,0.109545,0.03068,0.083188,0.00927,0.018715,0.151232,-0.153599,-0.0634,0.060173,-0.147024,0.021227,-0.100998,-0.183789,0.082223,0.042713,0.141556,0.115301,-0.120651,-0.182519,0.018289,0.019023,0.102345,0.049518,0.105082,0.059947,-0.026803,-0.236193,0.003178,-0.030585,-0.14901,-0.057904,-0.106635,0.027214,-0.012279,0.092266,-0.185031,0.143348,-0.006145,-0.125334,0.006307,-0.009001,-0.037956,-0.125399,-0.121086,0.029361,-0.072949,-0.167729,-0.073923,0.047075,0.140773,-0.030985,0.120695,0.017522,0.155329,0.019937,0.021923,-0.080069
Dr. Grant,-0.05936,-0.177485,-0.143921,0.009455,-0.05272,-0.051269,-0.131986,-0.017013,0.023161,0.053622,-0.083972,-0.055674,0.041926,-0.146342,0.049872,1.0,0.042789,0.002973,-0.070175,-0.094365,-0.007199,-0.055815,-0.06671,0.023281,0.141047,0.052981,-0.115927,-0.073629,0.169719,-0.030992,-0.011412,0.03057,-0.126704,-0.078705,-0.001073,-0.038109,0.065641,-0.005093,0.084393,-0.097044,-0.101537,0.07641,0.019034,-0.054058,0.019881,0.048645,-0.108158,0.109622,0.155073,-0.066117,-0.106306,0.025083,-0.012254,-0.112596,0.020805,-0.101897,0.127525,0.157014,-0.183952,-0.102692,0.010291,0.101075,-0.164995,0.059532,0.046644,0.071391,-0.123459,0.038919,0.134436,0.031062,-0.085801,-0.06166,0.037942,-0.086622,-0.099896,-0.170667,-0.056887,-0.074824,0.02277,-0.137521,0.079202,-0.029834,0.001336,0.101355,0.008216,-0.125813,0.133958,-0.078004,-0.074908,0.011868,0.03952,-0.004812,0.042675,-0.030156,0.13691,0.00404,-0.057032,-0.04068
Edmund Bertram,0.062973,-0.012582,-0.17653,0.095869,-0.127486,0.016237,-0.088676,-0.02334,0.063294,-0.018907,-0.064598,-0.080355,-0.122935,-0.106144,0.129815,0.042789,1.0,-0.087171,0.124667,-0.16914,0.03757,-0.07845,-0.128884,-0.064235,0.374741,0.07744,-0.030756,0.010175,0.070072,-0.017774,0.005102,0.142874,-0.144778,-0.086235,0.458675,0.215398,-0.124871,0.092488,-0.066404,-0.037272,-0.032619,0.070692,0.170476,-0.16533,0.251064,0.298679,0.107109,-0.187209,-0.248937,-0.209163,-0.061297,-0.209195,-0.004977,-0.254503,0.423472,-0.139235,0.112554,0.414549,-0.158392,-0.066804,-0.013873,-0.113902,0.024104,-0.074639,0.20091,0.024708,-0.034222,-0.103952,0.185743,-0.053098,-0.05157,-0.072358,-0.014127,-0.078641,-0.046567,-0.040954,-0.160592,0.003101,0.143551,-0.034035,0.101279,-0.110897,-0.100062,0.420149,0.159462,-0.110874,-0.144197,-0.007867,-0.014237,-0.090698,0.469574,-0.096128,0.078642,0.172582,-0.092035,-0.016668,-0.011181,0.362771
Edward Ferrars,-0.218207,-0.080817,0.104291,-0.159736,0.078239,0.262416,0.205526,-0.133755,0.282944,0.029237,-0.16901,-0.053264,0.135199,0.324941,0.132874,0.002973,-0.087171,1.0,0.028584,0.512505,0.127912,-0.05643,0.06343,-0.05885,0.09545,0.05627,0.076663,0.007491,0.114809,0.065404,0.113098,0.165568,0.078333,-0.174681,-0.095942,0.070167,-0.033465,-0.126958,0.095463,-0.08316,-0.053232,0.071211,-0.024506,0.448165,-0.122029,0.052283,-0.093347,0.103936,0.195002,0.111817,-0.109361,0.312978,-0.115333,0.228042,-0.001101,0.443617,0.088549,-0.004117,-0.033005,-0.161563,-0.01086,0.021731,-0.115685,0.170625,0.064126,-0.030252,0.055377,-0.253129,-0.089421,-0.100219,-0.247535,-0.229823,-0.083292,0.260125,-0.019497,0.174848,-0.07221,-0.083068,-0.102096,-0.312747,-0.141595,0.232914,-0.125722,-0.367579,-0.310489,0.0208,-0.064669,-0.169163,-0.028609,0.28382,0.009148,0.023162,0.120189,-0.183948,0.293484,-0.115906,-0.047134,-0.179759
Eleanor Tilney,-0.070484,0.040333,-0.000944,-0.076774,-0.032169,0.066292,-0.002851,-0.023909,0.346082,-0.046758,-0.075182,-0.019747,-0.094017,0.087524,-0.00526,-0.070175,0.124667,0.028584,1.0,0.053096,0.195333,-0.091254,0.005691,-0.112467,0.175776,0.117581,-0.00606,-0.035782,0.060136,-0.012799,0.039935,0.012898,-0.007236,-0.183324,0.134939,0.484951,-0.091247,0.376171,0.2048,0.128425,-0.05029,-0.095614,0.252505,0.006564,0.022392,0.019589,0.070714,-0.038237,-0.072454,-0.191709,-0.013626,-0.065111,-0.070958,-0.040506,0.070078,0.077067,-0.100294,0.134638,-0.023102,0.013298,0.23125,0.020404,-0.003932,-0.031469,0.049515,-0.148642,0.023282,-0.096691,0.039628,0.085896,-0.089568,-0.011588,-0.099852,0.04014,-0.0284,0.004607,-0.03878,0.057805,0.079515,-0.03878,0.03309,-0.093782,0.097949,-0.087443,0.015817,-0.084165,0.013262,-0.032591,-0.009368,-0.047495,0.147719,-0.225752,0.062881,-0.070357,0.046213,0.030273,-0.057611,0.04457
Elinor Dashwood,-0.321301,0.121273,0.289124,-0.321991,0.003872,0.207391,0.243269,-0.260974,0.275641,-0.116892,-0.190302,-0.077789,0.116883,0.55954,0.198276,-0.094365,-0.16914,0.512505,0.053096,1.0,0.290756,0.007815,0.240465,-0.089221,0.069571,0.129251,0.130428,-0.072548,0.041503,0.19167,0.143118,-0.016352,0.134308,-0.283302,-0.285936,0.094943,0.001676,-0.167332,0.181842,0.145009,0.031085,0.066432,-0.195016,0.571741,-0.209325,0.084088,-0.051812,-0.030364,0.239314,0.130852,-0.040688,0.554667,-0.260851,0.325302,-0.13431,0.655668,-0.108101,-0.271538,-0.021143,-0.129521,0.023071,-0.035096,-0.101713,-0.026199,-0.100252,-0.086667,0.117564,-0.263653,-0.150339,-0.096333,-0.112023,-0.239411,-0.131969,0.309436,0.054459,0.422512,0.061582,0.019563,-0.094466,-0.15014,-0.051317,0.313987,-0.020409,-0.450192,-0.296754,0.136672,-0.110761,-0.123007,0.112986,0.283848,0.000134,-0.140808,-0.037514,-0.148838,0.39341,-0.11532,-0.074472,-0.293514
Elizabeth Bennet,-0.423057,-0.085898,-0.073821,-0.423358,-0.017176,0.049103,0.008775,0.226455,0.444705,0.114273,-0.367139,0.351778,-0.08403,0.222362,0.291546,-0.007199,0.03757,0.127912,0.195333,0.290756,1.0,-0.24177,0.073335,-0.310834,0.360788,0.689935,-0.089358,0.08508,0.097826,-0.014091,0.602374,0.170824,0.036716,-0.284751,-0.064116,0.255422,-0.09426,0.154733,0.248654,0.710036,-0.222163,-0.219625,-0.040095,0.200208,-0.035448,0.102878,0.366307,0.069553,0.035562,-0.04445,-0.11066,0.088143,0.069226,0.001999,-0.028843,0.229284,0.108201,0.044153,-0.223206,-0.284154,-0.000245,0.361813,0.089996,0.178865,0.136311,-0.298961,-0.224221,-0.360461,0.007039,0.04067,-0.168322,0.274092,-0.233315,0.212442,-0.185536,-0.101278,-0.053032,0.49497,-0.044728,-0.182768,0.116981,-0.193545,0.009186,-0.364506,-0.238539,-0.160372,0.003162,-0.233757,-0.024012,-0.034921,0.145767,-0.345028,0.269934,-0.164369,0.291374,0.125181,-0.202092,-0.19554
Elizabeth Elliot,0.197426,0.294683,0.350184,0.339245,-0.196867,-0.012147,-0.072556,0.006971,-0.293606,-0.074314,0.259882,-0.094367,0.020731,0.051484,0.03399,-0.055815,-0.07845,-0.05643,-0.091254,0.007815,-0.24177,1.0,0.192171,0.205971,-0.361398,-0.196176,0.102869,-0.293992,-0.126964,0.17782,-0.112793,-0.024683,0.058594,0.031277,-0.033404,-0.124304,0.098201,-0.065109,-0.188647,-0.15077,0.280471,0.090082,-0.092015,-0.141082,-0.120917,-0.2212,0.08717,-0.245278,-0.192841,0.160915,-0.044321,0.062664,-0.196339,-0.236631,-0.102024,-0.077074,-0.086946,-0.159602,0.294972,0.274727,-0.016656,-0.191214,0.099495,-0.302715,-0.265749,0.256633,0.169965,0.123709,-0.143233,-0.211681,0.124078,0.008834,0.214445,0.032683,0.085704,0.082337,0.028478,-0.011025,-0.011062,0.104656,-0.097939,0.042311,0.00457,0.059356,-0.055186,0.34263,-0.059122,0.251201,-0.021405,-0.09274,-0.081689,0.342998,-0.011183,-0.099775,-0.109507,0.097491,0.370975,-0.047283
Emma Woodhouse,-0.088094,0.629107,0.222117,0.299806,-0.106574,0.010993,-0.071141,-0.106914,-0.15494,-0.167579,-0.020554,0.05728,0.01376,0.148374,-0.087664,-0.06671,-0.128884,0.06343,0.005691,0.240465,0.073335,0.192171,1.0,0.009495,-0.120483,0.11287,0.310707,-0.147825,-0.223899,0.720911,-0.026245,-0.089042,0.681963,-0.049293,-0.063873,-0.029729,0.179995,0.095816,-0.115514,0.143199,0.396601,-0.049916,-0.182389,0.078704,-0.155802,-0.29864,0.021645,-0.000587,-0.028722,0.00419,0.035948,0.277375,-0.278398,-0.009898,-0.220644,0.257647,0.009628,-0.093548,0.069722,0.417733,-0.025505,0.003459,-0.048414,-0.205867,-0.20901,-0.080411,0.186991,0.371753,-0.178226,-0.250767,0.212334,-0.062564,0.041966,0.116976,0.004477,0.046515,0.10053,0.066046,-0.002526,-0.074471,-0.140447,-0.08543,0.056497,-0.158498,-0.187481,0.163257,0.0072,0.491754,0.091212,-0.130462,-0.155925,-0.156235,0.044012,-0.262135,-0.001627,0.084164,0.061082,-0.294461
Fanny Dashwood,0.042873,0.081223,-0.054048,0.206716,-0.132736,-0.099149,-0.258062,0.129742,-0.249262,0.073775,0.024449,-0.070863,0.123188,-0.04302,-0.126576,0.023281,-0.064235,-0.05885,-0.112467,-0.089221,-0.310834,0.205971,0.009495,1.0,-0.267617,-0.264151,-0.062834,-0.17498,-0.143506,0.022169,-0.14929,-0.031574,0.029763,0.039688,0.043505,-0.179992,0.140395,-0.052211,-0.023501,-0.200436,0.15886,0.075922,-0.084863,-0.206803,-0.012971,-0.006676,0.009121,0.080793,0.024773,-0.0885,-0.096574,0.062931,-0.069939,-0.082129,-0.003374,-0.107362,-0.026249,-0.111888,0.040595,0.231886,0.02347,-0.065729,0.041995,-0.157895,-0.246271,0.077071,0.029428,0.15668,-0.177821,-0.127392,0.081535,0.070862,0.073127,-0.050382,0.007392,0.042006,0.155316,0.021143,-0.016402,-0.021743,-0.139946,0.065374,-0.110592,0.160683,0.081203,-0.001745,0.202009,0.17975,-0.022225,-0.101901,-0.117018,0.121232,0.020268,-0.024989,-0.241694,0.119736,0.033708,-0.042971
Fanny Price,-0.322179,-0.291118,-0.207126,-0.400143,0.17908,0.044245,0.162446,-0.157091,0.569589,0.07181,-0.325254,-0.059396,0.102722,0.023159,0.061117,0.141047,0.374741,0.09545,0.175776,0.069571,0.360788,-0.361398,-0.120483,-0.267617,1.0,0.258287,-0.033539,0.144104,0.194144,-0.137374,0.155286,0.014416,-0.051248,-0.247305,0.122214,0.266218,-0.043043,0.159759,0.25392,0.127326,-0.221895,-0.168713,0.025368,0.157792,0.146554,0.458244,-0.065501,0.18704,0.209908,-0.148426,-0.06371,0.082413,0.096594,0.052695,0.335571,0.170314,0.111367,0.333436,-0.183499,-0.356793,0.048285,0.011667,-0.397623,0.197584,0.360152,-0.280775,-0.219357,-0.280153,0.245301,0.205055,-0.124941,-0.20138,-0.242917,0.013263,-0.129641,-0.167077,-0.111735,-0.019852,0.049213,-0.17311,0.085509,-0.10639,0.124433,0.03003,0.029175,-0.341112,0.003181,-0.34105,-0.111349,0.053822,0.472479,-0.405103,0.064543,0.065393,0.298054,-0.203506,-0.309195,0.144949
Fitzwilliam Darcy,-0.306405,-0.029498,-0.044706,-0.244318,-0.030587,-0.04003,-0.090216,0.22233,0.136208,0.122144,-0.320519,0.333093,-0.205087,0.083084,0.168242,0.052981,0.07744,0.05627,0.117581,0.129251,0.689935,-0.196176,0.11287,-0.264151,0.258287,1.0,-0.002817,0.021469,0.015577,0.089776,0.415794,0.122407,0.057984,-0.119609,-0.000933,0.134881,-0.156076,0.105208,0.113678,0.581214,-0.088142,-0.153957,-0.134208,0.124566,-0.01108,-0.101002,0.259759,0.100364,-0.005198,0.017545,-0.088606,0.097964,-0.056065,-0.096793,-0.080805,0.072583,0.312309,0.063229,-0.310198,-0.194102,-0.054794,0.356673,0.048523,0.14385,0.118566,-0.183928,-0.288108,-0.184726,0.057594,-0.033047,-0.027983,0.180296,-0.238356,0.066581,-0.069274,-0.131655,0.004999,0.307466,-0.107833,-0.120475,0.051515,-0.361194,0.007444,-0.233029,-0.207159,-0.027065,0.050502,0.002988,0.169192,-0.269213,0.030589,-0.311189,0.367796,-0.154986,0.106435,0.314077,-0.017074,-0.26147
Frank Churchill,0.103971,0.319845,0.146169,0.238005,-0.124327,0.080708,0.200932,-0.127243,0.01343,0.041836,-0.051282,0.017558,0.079772,0.097025,-0.00451,-0.115927,-0.030756,0.076663,-0.00606,0.130428,-0.089358,0.102869,0.310707,-0.062834,-0.033539,-0.002817,1.0,-0.095038,0.004681,0.374772,-0.166233,-0.128607,0.20566,-0.191803,0.072092,0.055334,-0.104944,-0.0023,-0.016766,-0.150682,0.339456,0.01477,0.210971,0.164005,0.00664,-0.025629,-0.043438,-0.131138,0.059215,-0.022357,-0.052669,-0.021527,-0.071757,-0.118754,0.054146,0.1132,-0.074486,-0.063038,-0.028828,0.242665,0.044289,-0.104405,-0.075939,-0.109244,0.069827,-0.100034,0.385074,0.220436,-0.025145,0.050523,0.263374,-0.06634,-0.045122,-0.044964,0.159807,0.118919,-0.07066,-0.148064,-0.027723,-0.053413,0.011786,0.153137,-0.069078,-0.068509,-0.051372,-0.004183,-0.262907,0.327317,0.018456,0.173797,0.114441,-0.132565,0.072586,-0.086572,0.145135,-0.130569,-0.098154,0.049673
Frederick Tilney,-0.112256,-0.193757,-0.124899,-0.253236,0.190967,0.076541,0.083027,-0.063774,0.209356,-0.039656,-0.10744,0.012751,-0.132229,-0.094305,0.004244,-0.073629,0.010175,0.007491,-0.035782,-0.072548,0.08508,-0.293992,-0.147825,-0.17498,0.144104,0.021469,-0.095038,1.0,0.063393,-0.143786,0.014984,0.080405,-0.075565,0.107876,-0.088116,0.161161,-0.02943,0.008913,0.029691,-0.008023,-0.248984,-0.167017,-0.034111,0.09009,0.049845,0.017168,-0.141256,0.097732,-0.007355,-0.002667,0.081552,-0.070804,-0.003262,0.111771,-0.01535,0.12374,0.111212,-0.036258,-0.125744,-0.316041,-0.068044,-0.093254,-0.10148,0.23794,0.225876,-0.177595,-0.249442,-0.129638,0.084545,0.180591,-0.15519,-0.208256,-0.118369,0.026334,-0.129931,-0.079481,-0.041553,-0.108204,-0.128862,-0.024109,0.043187,-0.15292,0.009167,-0.163208,-0.04122,-0.183028,-0.125225,-0.198994,-0.016449,0.06913,-0.121932,-0.067866,0.006895,0.001547,0.135024,-0.253609,-0.125033,0.023728
General Tilney,-0.14204,-0.214605,-0.110882,-0.15014,-0.011824,0.059311,0.144349,-0.038296,0.328285,0.092792,-0.258435,-0.056325,-0.010063,0.081475,0.240948,0.169719,0.070072,0.114809,0.060136,0.041503,0.097826,-0.126964,-0.223899,-0.143506,0.194144,0.015577,0.004681,0.063393,1.0,-0.116651,0.156491,0.206057,-0.225693,-0.225589,0.034822,0.127408,-0.061425,-0.09668,0.073509,-0.090178,-0.142948,0.147243,0.073794,0.101467,0.193318,0.175158,-0.104622,0.028914,0.095201,0.033324,-0.231916,-0.138372,0.019917,-0.035697,0.208217,0.044387,0.114964,0.275109,-0.212293,-0.232645,-0.106623,-0.051468,-0.06623,0.211145,0.220259,0.023912,0.023716,-0.217225,0.117347,0.035766,-0.210686,-0.195033,-0.044992,0.024877,-0.180306,0.073425,-0.23914,0.044905,0.036494,-0.157433,0.070554,-0.029343,-0.048762,-0.06341,0.024123,-0.125728,0.0054,-0.145236,-0.173985,0.113289,0.216428,0.102271,-0.030739,0.177824,0.181559,-0.281795,-0.092107,0.053778
George Knightley,0.03339,0.618554,0.191854,0.328218,-0.222738,0.11539,-0.037783,-0.167386,-0.155479,-0.12599,0.007307,0.05517,-0.003797,0.092415,0.048139,-0.030992,-0.017774,0.065404,-0.012799,0.19167,-0.014091,0.17782,0.720911,0.022169,-0.137374,0.089776,0.374772,-0.143786,-0.116651,1.0,-0.053671,-0.024132,0.496244,-0.097419,0.067883,-0.010973,0.00418,0.037723,-0.111286,0.024879,0.331503,0.005558,-0.022914,0.037838,-0.013361,-0.261488,0.035962,-0.131225,-0.027172,0.048224,-0.051902,0.155928,-0.242203,-0.120509,-0.130396,0.155635,0.125989,-0.024519,-0.003142,0.364244,0.040528,-0.017381,0.005912,-0.158308,-0.110395,-0.060023,0.324109,0.34503,-0.135435,-0.216716,0.168757,-0.102464,-0.029827,0.067365,0.080338,0.115871,0.111214,-0.001699,0.05869,-0.121132,-0.227417,-0.051552,-0.082232,-0.092465,-0.177538,0.186484,0.015843,0.455807,0.118265,-0.057001,-0.05917,-0.107131,0.06263,-0.170301,-0.019,0.023004,0.057432,-0.216611
George Wickham,-0.25752,-0.039016,0.039282,-0.208919,-0.068162,-0.003745,-0.049599,0.193548,0.188499,0.158908,-0.202913,0.247652,-0.06176,0.127205,0.286155,-0.011412,0.005102,0.113098,0.039935,0.143118,0.602374,-0.112793,-0.026245,-0.14929,0.155286,0.415794,-0.166233,0.014984,0.156491,-0.053671,1.0,0.171632,-0.002878,-0.110138,-0.021655,0.060938,0.020544,-0.015247,0.049499,0.442465,-0.098391,-0.041506,-0.068102,0.070839,0.078171,0.044817,0.274282,0.009936,-0.059829,-0.001663,-0.164803,-0.000187,-0.044249,-0.074493,-0.039063,0.038708,0.082674,0.103912,-0.146574,-0.09884,-0.083815,0.110847,0.19788,0.210835,0.05071,-0.061758,-0.101171,-0.249871,-0.039582,-0.000743,-0.104231,0.19447,-0.001852,0.157838,-0.15831,-0.041787,-0.177754,0.367914,-0.1283,-0.143376,-0.008125,-0.136436,-0.093073,-0.188885,-0.146194,-0.025259,0.08004,-0.161898,-0.148873,-0.10308,0.040995,-0.067773,0.221041,-0.071058,0.073604,0.090226,0.041727,-0.202158
Georgiana Darcy,-0.193513,-0.130709,-0.067423,-0.040037,-0.026385,0.216734,-0.002631,0.134229,0.148689,0.198659,-0.207292,0.016215,-0.139197,0.144376,0.202732,0.03057,0.142874,0.165568,0.012898,-0.016352,0.170824,-0.024683,-0.089042,-0.031574,0.014416,0.122407,-0.128607,0.080405,0.206057,-0.024132,0.171632,1.0,-0.040488,-0.091036,0.048296,0.070849,0.017661,-0.12474,-0.032419,-0.026529,-0.010375,0.007796,-0.046728,0.055083,0.048876,-0.084234,-0.033151,0.05547,-0.107107,-0.010366,-0.13727,-0.13051,-0.073517,-0.057878,0.135943,0.054838,0.297908,0.144739,-0.236274,-0.174203,-0.081213,0.023462,0.009975,0.232787,0.113626,-0.006977,-0.120615,-0.216747,0.036758,-0.146736,-0.182548,-0.119035,-0.052682,0.045636,-0.194956,-0.026253,-0.13421,0.040057,-0.109874,-0.160699,0.043812,-0.213509,-0.1082,-0.148299,-0.079164,-0.018536,-0.032048,-0.107104,-0.07879,-0.050102,0.013652,0.02237,0.158081,-0.053662,0.135386,-0.075549,0.171599,-0.125614
Harriet Smith,-0.100225,0.438112,0.079684,0.235863,-0.001729,-0.004434,-0.058452,-0.034822,-0.024706,-0.098267,-0.036968,0.050303,0.098951,0.055837,-0.1691,-0.126704,-0.144778,0.078333,-0.007236,0.134308,0.036716,0.058594,0.681963,0.029763,-0.051248,0.057984,0.20566,-0.075565,-0.225693,0.496244,-0.002878,-0.040488,1.0,-0.056477,-0.026864,-0.021172,0.114727,0.126791,-0.040045,0.066862,0.252266,-0.125534,-0.095768,0.050753,-0.032308,-0.104454,-0.024603,0.102736,0.001503,-0.074347,0.094889,0.22869,-0.214536,0.18961,-0.102016,0.222719,-0.018101,-0.067602,0.051407,0.308269,0.033817,-0.089983,-0.10561,0.020373,-0.016512,-0.153847,0.081756,0.232812,-0.140641,-0.067296,0.18313,-0.067215,0.038812,0.100963,0.003513,-0.025499,0.083177,0.027727,-0.064376,-0.151763,-0.173207,-0.081695,-0.093186,-0.179153,-0.212046,0.043871,0.051889,0.443188,0.075132,-0.081779,-0.159923,-0.181625,0.150624,-0.224326,0.025833,-7.5e-05,-0.027788,-0.255402
Henrietta Musgrove,0.155933,0.040018,0.014525,0.111707,0.008861,-0.207427,-0.10215,-0.048677,-0.421009,-0.120138,0.3124,0.008461,-0.198029,-0.184124,-0.176958,-0.078705,-0.086235,-0.174681,-0.183324,-0.283302,-0.284751,0.031277,-0.049293,0.039688,-0.247305,-0.119609,-0.191803,0.107876,-0.225589,-0.097419,-0.110138,-0.091036,-0.056477,1.0,-0.112726,-0.21326,0.008223,-0.176018,-0.263193,-0.064588,-0.00064,0.018322,-0.22608,-0.194962,-0.004149,-0.176887,-0.059892,-0.061964,-0.266782,0.218361,0.226645,-0.121132,-0.042033,-0.04215,-0.191112,-0.296531,-0.034755,-0.082902,0.216408,0.018861,-0.078783,-0.051752,0.224965,0.018783,-0.055653,0.19248,-0.147764,0.22048,0.036874,0.016399,0.050773,0.056547,0.048945,-0.093179,-0.040462,0.018121,-0.040409,-0.105982,0.036562,0.263216,-0.21341,-0.150164,0.030742,0.231158,0.07279,0.096507,0.010107,0.064737,0.025484,-0.24005,-0.273972,0.23655,-0.150979,-0.052418,-0.306022,0.169277,0.191419,-0.085132
Henry Crawford,0.265409,0.019074,-0.139891,0.316525,-0.124191,0.061532,-0.127697,0.060464,-0.090453,0.021795,0.053804,0.108071,-0.086801,-0.173079,-0.005337,-0.001073,0.458675,-0.095942,0.134939,-0.285936,-0.064116,-0.033404,-0.063873,0.043505,0.122214,-0.000933,0.072092,-0.088116,0.034822,0.067883,-0.021655,0.048296,-0.026864,-0.112726,1.0,0.0912,-0.265377,0.305867,-0.120586,-0.007304,0.057997,0.054382,0.369411,-0.274352,0.297225,0.011812,0.21713,-0.120389,-0.244779,-0.171663,-0.138871,-0.287216,0.154466,-0.204802,0.221324,-0.209296,0.069993,0.572753,-0.118969,0.166428,-0.071286,0.02359,0.144813,-0.119559,0.133822,0.011071,0.109087,-0.027796,0.062141,-0.211871,-0.016731,0.127752,0.079405,-0.156282,0.102472,-0.049479,-0.09934,0.07118,0.267395,-0.113745,-0.089176,-0.017981,-0.181679,0.395695,0.131445,-0.001963,-0.038367,0.180168,0.096689,-0.010925,0.387884,-0.065015,0.093902,0.035386,-0.33789,0.075624,-0.035224,0.306712
Henry Tilney,-0.045926,0.021347,-0.010758,-0.077699,-0.039045,0.098283,0.03098,-0.076983,0.507396,0.018066,-0.170141,-0.091463,-0.081501,0.072541,0.144598,-0.038109,0.215398,0.070167,0.484951,0.094943,0.255422,-0.124304,-0.029729,-0.179992,0.266218,0.134881,0.055334,0.161161,0.127408,-0.010973,0.060938,0.070849,-0.021172,-0.21326,0.0912,1.0,-0.134431,0.321169,0.070272,0.050191,-0.057994,-0.114823,0.290268,0.01707,0.160351,0.079627,0.058723,-0.159748,-0.086613,-0.305924,0.002139,-0.102995,-0.117338,-0.097665,0.062329,0.141965,-0.104019,0.093787,-0.121608,-0.099005,0.124387,-0.160409,-0.007972,-0.045691,0.237799,-0.124676,0.06004,-0.130407,0.080141,0.138264,-0.018123,-0.132699,-0.132724,0.126197,-0.071143,0.00472,-0.128471,0.006168,-0.010592,-0.012765,0.154433,-0.04876,0.016064,-0.085458,0.052964,-0.132774,-0.255716,-0.066099,-0.069825,0.043222,0.141174,-0.20142,0.128117,0.064627,0.156569,-0.163751,-0.143704,0.138989
Isabella Knightley,-0.155041,0.019429,-0.036597,-0.048814,0.039928,-0.034982,-0.126521,-0.014151,-0.023979,-0.052375,-0.019016,-0.10681,0.193579,0.024509,-0.069988,0.065641,-0.124871,-0.033465,-0.091247,0.001676,-0.09426,0.098201,0.179995,0.140395,-0.043043,-0.156076,-0.104944,-0.02943,-0.061425,0.00418,0.020544,0.017661,0.114727,0.008223,-0.265377,-0.134431,1.0,-0.098672,0.055504,-0.13773,0.044613,0.029838,-0.225419,0.018509,-0.163994,0.02729,-0.208648,0.199313,0.176763,-0.076028,-0.011728,0.167019,-0.07653,0.052714,-0.130911,0.091078,-0.031959,-0.114228,0.05554,0.036752,-0.043772,-0.03932,-0.194147,-0.063328,-0.212269,-0.000237,0.000485,0.212933,-0.044803,-0.026868,-0.056938,-0.09337,0.168007,-0.022869,-0.130314,-0.034499,0.043492,-0.079952,-0.150855,-0.113438,0.004605,0.065143,0.179672,-0.094951,0.069138,-0.065404,0.227297,-0.009953,-0.107775,-0.019025,-0.152861,0.020331,-0.044351,-0.113432,0.100658,-0.097861,0.064663,-0.160783
Isabella Thorpe,0.035876,0.018761,-0.103482,0.10705,0.01099,-0.087903,-0.215369,0.111889,0.175781,0.108001,-0.029256,0.086806,0.083949,-0.150339,-0.121694,-0.005093,0.092488,-0.126958,0.376171,-0.167332,0.154733,-0.065109,0.095816,-0.052211,0.159759,0.105208,-0.0023,0.008913,-0.09668,0.037723,-0.015247,-0.12474,0.126791,-0.176018,0.305867,0.321169,-0.098672,1.0,0.144586,0.235795,-0.056285,-0.190182,0.343001,-0.172348,0.057966,-0.118227,0.132284,0.029202,-0.088852,-0.259268,-0.031828,-0.003222,0.126297,-0.098347,-0.085182,-0.021216,-0.032455,0.251626,-0.031364,0.127207,0.130762,0.080296,-0.023119,-0.153183,0.066899,-0.241671,-0.116522,0.065209,-0.022918,0.102264,0.026949,0.159367,-0.042189,-0.131199,0.036691,-0.179224,0.089796,0.102932,0.107523,-0.116073,0.055603,-0.115474,0.112049,0.037902,0.011965,-0.183612,0.263921,0.065861,0.079343,-0.016609,0.078559,-0.331464,0.16947,-0.072318,-0.129873,0.135145,-0.164006,0.075285
James Morland,-0.342437,-0.237128,-0.150236,-0.407639,0.137873,0.042887,0.13377,0.008767,0.45149,0.103941,-0.246882,0.001816,0.079407,0.17558,0.063871,0.084393,-0.066404,0.095463,0.2048,0.181842,0.248654,-0.188647,-0.115514,-0.023501,0.25392,0.113678,-0.016766,0.029691,0.073509,-0.111286,0.049499,-0.032419,-0.040045,-0.263193,-0.120586,0.070272,0.055504,0.144586,1.0,0.039462,-0.211328,-0.213474,-0.00291,0.202644,-0.076339,0.226448,-0.10588,0.27401,0.35381,-0.039766,-0.016567,0.124621,-0.036553,0.084016,0.029219,0.102681,-0.021696,-0.146745,-0.157657,-0.298046,0.213823,0.094514,-0.326817,0.149145,-6.7e-05,-0.225936,-0.206268,-0.177081,-0.05623,0.243997,-0.148773,-0.038029,-0.164247,-0.005489,0.014903,-0.165498,0.050163,0.089621,-0.118854,-0.209098,0.100177,0.007238,0.073489,-0.316047,-0.059836,-0.230783,0.273556,-0.275194,-0.058083,0.174732,0.09133,-0.289076,0.033087,-0.014594,0.321252,-0.027873,-0.219907,-0.071477
Jane Bennet,-0.27084,0.064686,-0.020859,-0.231748,-0.09082,-0.126827,-0.123808,0.22521,0.067496,-0.009376,-0.194214,0.379922,-0.128197,0.156956,0.112197,-0.097044,-0.037272,-0.08316,0.128425,0.145009,0.710036,-0.15077,0.143199,-0.200436,0.127326,0.581214,-0.150682,-0.008023,-0.090178,0.024879,0.442465,-0.026529,0.066862,-0.064588,-0.007304,0.050191,-0.13773,0.235795,0.039462,1.0,-0.135371,-0.108546,-0.103353,0.019359,-0.037035,-0.05395,0.389623,-0.039506,-0.125806,0.077332,-0.07247,0.117384,0.074228,0.002381,-0.113862,0.104681,0.027294,0.016459,-0.091468,-0.077733,-0.004486,0.392281,0.269352,0.059769,-0.013306,-0.212654,-0.21304,-0.184439,-0.089489,-0.083987,-0.034891,0.406737,-0.19703,0.139743,-0.102652,0.002636,0.141605,0.528296,0.052546,-0.001313,-0.026101,-0.243946,0.086326,-0.161477,-0.135004,-0.052263,0.107141,-0.059352,0.129609,-0.212356,0.034233,-0.311631,0.13473,-0.158014,-0.02298,0.269861,-0.14195,-0.226394
Jane Fairfax,0.079783,0.499875,0.1172,0.491,-0.221767,-0.127716,-0.099211,-0.067604,-0.291731,0.000995,0.031896,-0.012732,0.025789,0.069055,-0.06398,-0.101537,-0.032619,-0.053232,-0.05029,0.031085,-0.222163,0.280471,0.396601,0.15886,-0.221895,-0.088142,0.339456,-0.248984,-0.142948,0.331503,-0.098391,-0.010375,0.252266,-0.00064,0.057997,-0.057994,0.044613,-0.056285,-0.211328,-0.135371,1.0,0.114855,-0.022964,-0.075085,-0.050619,-0.194107,0.034386,-0.165213,-0.073359,-0.01131,-0.120798,0.026721,-0.1458,-0.166148,-0.046403,-0.057702,-0.052717,-0.033611,0.022074,0.53339,-0.057271,-0.110845,0.107177,-0.222647,-0.254048,0.147004,0.342778,0.324563,-0.101681,-0.204425,0.299279,0.007945,0.048518,0.018839,0.138121,0.116794,-0.030983,-0.074518,-0.031866,0.030816,-0.102499,0.043543,0.00083,0.156076,0.053422,0.177344,-0.098814,0.386458,-0.012691,-0.139269,-0.020135,0.028838,0.015551,-0.086997,-0.169527,0.173115,0.171025,-0.067286
