character,Admiral Croft,Anna Weston,Anne Elliot,Anne Steele,Anne de Bourgh,Augusta Elton,Captain Benwick,Captain Harville,Captain Wentworth,Caroline Bingley,Catherine Morland,Charles Bingley,Charles Musgrove,Charlotte Lucas,Charlotte Palmer,Colonel Brandon,Colonel Fitzwilliam,Dr. Grant,Edmund Bertram,Edward Ferrars,Eleanor Tilney,Elinor Dashwood,Elizabeth Bennet,Elizabeth Elliot,Emma Woodhouse,Fanny Dashwood,Fanny Price,Fitzwilliam Darcy,Frank Churchill,Frederick Tilney,General Tilney,George Knightley,George Wickham,Georgiana Darcy,Harriet Smith,Henrietta Musgrove,Henry Crawford,Henry Tilney,Isabella Knightley,Isabella Thorpe,James Morland,Jane Bennet,Jane Fairfax,John Dashwood,John Thorpe,John Willoughby,Julia Bertram,Lady Bertram,Lady Catherine de Bourgh,Lady Lucas,Lady Middleton,Lady Russell,Louisa Musgrove,Lucy Steele,Lydia Bennet,Margaret Dashwood,Maria Bertram,Marianne Dashwood,Mary Bennet,Mary Crawford,Mary Musgrove,Miss Bates,Mr. Allen,Mr. Bennet,Mr. Gardiner,Mr. Hurst,Mr. Perry,Mr. Rushworth,Mr. Shepherd,Mr. Weston,Mr. Woodhouse,Mr. Yates,Mrs. Allen,Mrs. Bates,Mrs. Bennet,Mrs. Clay,Mrs. Cole,Mrs. Croft,Mrs. Dashwood,Mrs. Ferrars,Mrs. Gardiner,Mrs. Grant,Mrs. Harville,Mrs. Hurst,Mrs. Jennings,Mrs. Morland,Mrs. Norris,Mrs. Phillips,Mrs. Price,Mrs. Smith,Mrs. Thorpe,Philip Elton,Robert Ferrars,Robert Martin,Sir John Middleton,Sir Thomas Bertram,Sir Walter Elliot,Sir William Lucas,Susan Price,Thomas Palmer,William Collins,William Elliot,William Price
Admiral Croft,1.0,0.129219,0.02306,-0.034071,0.027696,0.169724,-0.036088,-0.009387,-0.005099,-0.005808,0.002286,-0.010715,-0.0003,0.056147,-0.066872,-0.053516,-0.001729,-0.034339,0.096021,-0.026549,0.006706,-0.026736,0.053206,-0.057704,0.095076,-0.199876,0.007529,0.176038,0.064474,0.006454,-0.074326,0.107075,0.079055,-0.015939,-0.031047,-0.078969,0.132988,0.072904,0.050407,0.170111,0.16638,0.022708,-0.009857,-0.038497,0.149146,0.035603,0.016888,0.071724,0.051368,-0.104129,-0.120839,-0.089929,-0.007433,-0.030329,0.068203,-0.074868,0.024122,-0.128341,0.022909,0.083379,0.099977,0.075045,0.131805,0.044744,-0.043333,-0.008754,-0.028394,0.062394,0.015928,0.173446,0.00679,-0.003998,0.028247,-0.020227,0.112152,-0.122063,-0.020343,0.074263,-0.097825,0.019042,-0.036465,0.048581,-0.149996,-0.086033,-0.043733,-0.048149,0.121448,-0.137668,-0.096757,0.11757,-0.027338,0.114768,-0.06929,0.082239,0.114748,-0.006608,-0.154979,0.113858,-0.113366,0.033581,-0.08912,0.020818,-0.097704
Anna Weston,0.129219,1.0,0.281405,0.00969,-0.075406,0.275517,-0.102193,-0.139264,-0.300413,0.122661,0.140406,-0.190848,-0.014281,0.099861,-0.029908,-0.048975,-0.116729,-0.091842,0.221112,-0.070214,-0.036195,0.295229,0.179029,0.047363,0.432468,0.001621,0.191873,0.076988,0.010534,-0.108773,-0.147291,0.296118,-0.073292,-0.186634,0.202097,-0.037543,0.002649,0.004718,0.117237,0.204335,0.101612,0.272162,0.083546,0.038508,0.078629,-0.133006,-0.049117,0.262381,-0.015365,-0.123546,-0.065152,-0.03756,-0.123962,0.145782,0.057955,-0.056062,-0.013683,-0.023506,0.108413,0.211572,0.262238,0.08517,0.087448,-0.051695,-0.146272,0.03442,-0.156365,-0.085759,0.135609,0.082984,0.266563,-0.09546,0.106514,0.096073,0.15587,-0.040867,-0.008088,0.150836,0.136279,-0.047887,-0.017928,0.02244,-0.106083,-0.171247,0.049716,-0.139406,0.216987,-0.136432,-0.024623,0.362921,0.043776,-0.009629,-0.141562,-0.090113,-0.045794,0.058293,-0.104715,0.168511,-0.1533,0.017761,-0.166066,-0.18595,-0.296703
Anne Elliot,0.02306,0.281405,1.0,-0.149457,-0.095993,0.039426,-0.223829,-0.074055,-0.222105,0.054051,0.384439,-0.388197,0.105393,-0.088837,0.003995,-0.026776,-0.264822,-0.197321,0.194758,-0.08704,0.01049,0.621454,0.599301,0.236148,0.704655,0.059329,0.600236,-0.212289,-0.065464,-0.255766,0.077461,0.037175,-0.094124,-0.187945,0.272756,0.009922,-0.125407,-0.12117,0.056772,0.224283,-0.054421,0.298592,0.001282,0.05946,-0.26698,-0.136908,0.054839,0.169482,-0.164084,-0.07887,0.164239,0.082962,0.146289,0.255675,-0.028893,0.121884,0.135623,0.438856,0.18977,0.100016,0.383238,-0.047128,-0.068814,-0.043881,-0.091941,0.057108,-0.278476,-0.267077,0.13358,0.014272,0.266383,-0.115759,0.03818,-0.132434,0.253631,0.081888,-0.234569,0.100917,0.399187,-0.237789,-0.050584,0.07516,-0.204607,0.125755,0.265438,-0.012521,0.346543,-0.019449,-0.019177,0.232372,0.022979,-0.008925,0.066761,-0.364373,-0.135583,0.214003,0.196477,0.069461,0.115683,-0.158259,-0.045516,-0.147568,-0.181969
Anne Steele,-0.034071,0.00969,-0.149457,1.0,-0.054568,0.140693,0.081858,-0.019619,-0.092134,0.079881,-0.151795,-0.047641,-0.098041,-0.101257,-0.141989,-0.100622,-0.026531,-0.097922,0.007665,-0.086483,-0.196037,-0.112322,-0.131243,-0.015986,-0.093014,0.056473,-0.130147,-0.012272,-0.057878,0.028458,-0.09677,0.005238,-0.081115,0.059261,0.027706,0.064289,-0.135473,-0.078641,0.003437,-0.053243,-0.006118,0.033186,-0.061244,0.063828,0.025092,-0.073534,-0.062545,-0.018873,-0.008228,-0.078292,-0.140379,-0.02984,-0.07456,-0.063831,-0.027552,-0.022038,-0.074625,-0.188871,-0.068557,-0.04696,-0.074855,-0.072237,-0.017054,-0.040391,-0.028878,-0.061104,-0.06473,-0.046967,-0.014589,-0.051192,-0.081583,-0.041591,-0.084107,-0.004227,-0.141571,-0.083789,0.025891,-0.036204,-0.138885,0.022097,-0.116721,-0.055675,-0.046696,-0.048592,-0.099712,-0.059609,-0.028856,-0.079346,-0.061824,-0.040246,-0.062107,-0.03663,-0.038912,0.026249,-0.075624,-0.14965,-0.081041,-0.017571,-0.030061,-0.052195,-0.077639,-0.071177,-0.080886
Anne de Bourgh,0.027696,-0.075406,-0.095993,-0.054568,1.0,-0.251146,0.086452,0.021346,0.086535,-0.054681,-0.132295,0.093442,-0.035464,-0.011685,-0.170449,0.042283,0.188328,0.049287,-0.180586,0.087539,0.062219,-0.121385,-0.024592,-0.135351,-0.245518,-0.054862,-0.064572,-0.024639,-0.011973,-0.038877,0.003779,-0.246016,0.046026,0.128706,-0.113449,-0.031428,0.034787,0.003366,0.143397,0.044232,0.124806,-0.019796,0.034287,-0.10798,-0.059664,-0.031569,0.061064,0.059706,0.000788,-0.021983,0.062822,-0.071419,0.050317,-0.021076,0.182566,-0.060594,0.021477,-0.062395,0.214932,-0.091586,0.029831,0.02293,-0.010759,0.075619,-0.002339,-0.015733,-0.073926,-0.06863,-0.088767,-0.103742,-0.032611,-0.065433,-0.007896,-0.111366,-0.038583,-0.028988,-0.040574,0.016318,-0.006555,-0.036431,0.01917,0.011554,-0.042741,-0.028218,-0.079569,-0.105657,0.045168,-0.018234,-0.008999,-0.197291,-0.060043,0.020763,-0.186269,0.215216,-0.14519,-0.12285,-0.101193,0.015175,-0.102936,0.127977,0.070031,0.034699,0.009704
Augusta Elton,0.169724,0.275517,0.039426,0.140693,-0.251146,1.0,-0.011324,-0.057466,-0.153687,0.104493,0.012309,-0.119058,-0.014723,0.012871,0.030719,-0.164705,-0.171908,8.8e-05,0.182104,-0.194727,-0.097926,0.070089,-0.098892,-0.029309,0.219535,-0.101637,-0.017036,0.015339,0.096205,-0.027063,-0.169437,0.298061,-0.034482,-0.116013,0.112861,0.015466,-0.094454,-0.009826,-0.006287,0.1023,-0.005318,-0.002299,0.098786,0.057613,0.092108,-0.093564,-0.077594,0.015989,0.108561,-0.05694,-0.159663,0.038965,-0.150047,0.065003,-0.022855,-0.008821,-0.063177,-0.124558,-0.059527,0.194794,0.115361,0.072817,0.038028,-0.112976,-0.124029,-0.073992,0.025436,0.088273,0.127428,-0.01871,0.004337,0.004272,0.026627,0.172407,0.123153,-0.049687,0.036962,0.114072,-0.109442,0.082936,-0.059668,0.018133,-0.068193,-0.122744,0.023119,-0.003451,0.117564,-0.180754,-0.06798,0.36692,0.113841,-0.026275,0.060043,-0.075378,0.066101,-0.070931,-0.152911,0.075038,-0.034294,-0.111933,-0.06361,-0.131239,-0.134955
Captain Benwick,-0.036088,-0.102193,-0.223829,0.081858,0.086452,-0.011324,1.0,0.031416,0.271544,-0.08093,-0.222202,0.277873,0.031128,-0.176297,-0.155754,0.138311,0.053605,0.074173,-0.124031,0.227012,-0.210054,-0.276973,-0.303511,-0.032725,-0.213809,-0.032305,-0.112399,0.232911,0.325367,0.207742,-0.036886,0.040303,0.240281,0.181635,0.188798,0.057858,0.222147,0.03944,0.116859,-0.193536,-0.042399,-0.179439,0.198278,-0.054049,0.172512,0.200633,0.073449,-0.240748,0.056231,0.006523,-0.195249,0.01232,0.064866,-0.06336,0.016014,-0.028439,-0.062957,-0.166963,-0.153579,-0.113047,-0.060689,-0.075533,-0.020788,-0.190004,-0.077912,-0.265008,0.144118,0.242593,-0.10165,-0.05201,-0.226517,0.105349,-0.166229,-0.073336,-0.223689,-0.10423,-0.002339,-0.127333,-0.173812,0.355018,-0.151793,-0.122608,-0.01557,-0.131169,-0.282342,0.014305,-0.163347,-0.090611,-0.054896,-0.238865,-0.099705,0.230161,0.0548,0.416981,0.065591,-0.091204,-0.118376,-0.155722,0.141683,0.208765,-0.058541,0.352336,0.124335
Captain Harville,-0.009387,-0.139264,-0.074055,-0.019619,0.021346,-0.057466,0.031416,1.0,0.131932,-0.023536,-0.167494,0.041308,-0.024211,-0.035308,0.006936,-0.072457,0.166444,-0.011915,0.011316,-0.052607,-0.048116,-0.040178,-0.070155,-0.105517,-0.125993,-0.127435,-0.124846,-0.137218,0.035841,-0.031388,0.062803,-0.10655,-0.009237,0.058688,-0.131394,-0.14935,-0.043338,0.006616,-0.089638,-0.071861,-0.030244,-0.18958,-0.135277,-0.007043,-0.038739,-0.016482,-0.096365,0.072777,-0.114293,0.012271,-0.019404,0.115801,-0.05222,-0.103417,0.010176,0.034256,0.032345,0.079056,0.034725,-0.110328,-0.066559,-0.089792,-0.024632,0.063407,-0.010125,-0.053347,0.097493,-0.007396,-0.028101,-0.113107,-0.026445,0.049202,0.096501,0.008315,-0.052281,-0.113669,0.001559,-0.125702,0.091191,-0.048557,-0.06631,0.074464,0.04177,-0.078771,0.084708,0.111798,0.021757,-0.089437,0.043171,-0.063415,0.068575,-0.068319,0.029807,0.045625,0.113036,0.059245,-0.114065,-0.068096,0.07763,0.042928,0.058636,-0.031263,0.06984
Captain Wentworth,-0.005099,-0.300413,-0.222105,-0.092134,0.086535,-0.153687,0.271544,0.131932,1.0,-0.15649,-0.246287,0.341164,0.091299,-0.19972,0.031113,0.218624,0.206545,0.053912,-0.031552,0.283244,0.005353,-0.334141,-0.379886,-0.128309,-0.352588,-0.089834,-0.197443,0.095314,0.396254,0.178774,0.051874,0.025764,0.227812,0.139633,0.032194,-0.003015,0.280882,0.217891,0.000595,-0.144699,-0.156441,-0.303171,0.151425,-0.107617,0.222672,0.359114,-0.081885,-0.312176,0.004318,-0.035699,-0.151934,-0.12423,0.214943,-0.118647,0.101575,0.044402,-0.075601,-0.07548,-0.187233,-0.126512,-0.194499,0.132987,-0.163228,-0.019036,0.078069,-0.125174,0.272567,0.238074,-0.202206,0.056328,-0.218887,0.215163,-0.185215,-0.047521,-0.273436,-0.011756,-0.007908,-0.133926,-0.249802,0.195895,-0.09954,-0.119514,0.011018,-0.071254,-0.187411,-0.032414,-0.279245,-0.014091,-0.013021,-0.277934,-0.029031,0.301267,0.151682,0.269187,0.099043,-0.02552,-0.003422,-0.14923,0.093908,0.091716,-0.006735,0.410032,0.441078
Caroline Bingley,-0.005808,0.122661,0.054051,0.079881,-0.054681,0.104493,-0.08093,-0.023536,-0.15649,1.0,0.223874,-0.172901,-0.011788,-0.024647,-0.071378,-0.185828,-0.07096,-0.179508,0.193168,-0.10934,0.097888,0.232294,0.243034,0.084384,0.188106,0.069074,0.029894,0.039923,-0.143163,-0.0879,0.096495,0.066096,0.107449,-0.05793,0.005699,-0.091404,-0.06528,0.090566,0.100775,0.052745,-0.131944,0.316776,-0.1811,0.066009,0.054298,-0.055325,-0.036341,0.143139,0.041751,-0.136735,-0.032237,0.079708,-0.181369,0.275063,0.076947,0.091747,0.078892,0.049093,0.197069,0.137819,0.145169,-0.144246,-0.100097,0.122559,0.0282,-0.076872,-0.096347,-0.104931,0.021334,-0.11186,0.072963,0.012482,0.120935,-0.033311,0.216119,-0.073384,-0.065771,-0.00781,0.260278,0.071544,0.102487,0.003286,-0.114116,-0.087726,0.04002,-0.058158,0.130225,-0.158291,0.056875,0.121306,-0.106012,-0.180323,-0.011219,-0.094953,-0.002838,0.08786,-0.102858,0.186951,-0.149444,-0.095953,0.081968,-0.140294,-0.111386
Catherine Morland,0.002286,0.140406,0.384439,-0.151795,-0.132295,0.012309,-0.222202,-0.167494,-0.246287,0.223874,1.0,-0.207798,0.045293,-0.020407,0.056831,-0.169257,-0.129164,-0.073146,0.308261,-0.110626,0.237915,0.397882,0.574444,0.163655,0.533401,0.089657,0.488544,0.040197,-0.155367,-0.125599,-0.01947,0.087884,-0.130866,-0.09296,0.147741,-0.110849,-0.070356,0.065222,-0.026537,0.185243,-0.079423,0.412849,-0.056104,-0.002484,-0.066962,-0.042818,0.128007,0.050156,0.133417,-0.114083,-0.05083,-0.01161,-0.024885,0.265435,0.081976,0.05547,0.122804,0.323268,-0.005159,0.383436,0.280255,0.103556,-0.1138,-0.036798,-0.047905,0.063831,-0.248202,-0.037761,0.120127,0.114057,0.140187,0.008238,0.05384,0.09387,0.130851,0.037669,-0.082334,0.14345,0.179499,-0.143931,0.150357,-0.089726,-0.138746,-0.035527,0.096546,-0.027754,0.039277,-0.059027,0.010397,0.311242,-0.015797,-0.176674,-0.054023,-0.250105,-0.005482,0.12774,-0.00997,0.157057,0.050087,-0.112434,-0.054853,-0.184076,-0.171109
Charles Bingley,-0.010715,-0.190848,-0.388197,-0.047641,0.093442,-0.119058,0.277873,0.041308,0.341164,-0.172901,-0.207798,1.0,-0.041926,0.030516,-0.083805,0.199569,0.164037,0.192448,-0.090105,0.41878,-0.03249,-0.446806,-0.333115,-0.141399,-0.426364,-0.150916,-0.127888,0.309714,0.306474,0.219088,0.008378,-0.041704,0.35048,0.260938,0.008604,-0.013904,0.33234,0.30087,0.097834,-0.113531,0.106621,-0.078731,0.260074,-0.095844,0.298756,0.282613,-0.038905,-0.265646,0.084879,-0.056123,-0.109952,-0.108858,0.081822,-0.239482,0.09472,-0.087074,-0.022622,-0.191226,-0.164011,-0.037439,-0.231964,0.036454,-0.084679,-0.07699,0.065142,-0.105704,0.125713,0.233345,-0.275193,0.052456,-0.108904,0.091926,-0.186218,0.080928,-0.305513,-0.001335,-0.033846,-0.126459,-0.391476,0.227051,-0.003864,-0.164609,0.096608,-0.072752,-0.302528,-0.01356,-0.360375,0.047995,0.04544,-0.29666,-0.091512,0.250499,0.016338,0.363188,0.055486,-0.230254,-0.077568,-0.176341,-0.053206,0.055258,-0.03941,0.358885,0.307698
Charles Musgrove,-0.0003,-0.014281,0.105393,-0.098041,-0.035464,-0.014723,0.031128,-0.024211,0.091299,-0.011788,0.045293,-0.041926,1.0,-0.172784,0.064436,0.213674,-0.024794,0.067959,0.03814,0.135234,0.043956,0.049287,0.064802,0.08492,0.078159,0.052135,0.068033,0.000524,-0.030352,0.02255,0.049508,0.033898,0.005035,-0.155515,0.053422,0.123056,0.084341,-0.058524,0.065711,0.011964,-0.131688,0.041492,-0.01122,-0.028492,-0.010604,0.058236,0.023717,-0.049397,-0.150345,-0.116042,0.122475,0.008876,0.199437,0.110073,0.042728,-0.011662,-0.014468,0.172714,0.034644,-0.006722,0.204243,0.003719,-0.147172,-0.018475,0.047482,0.080892,-0.129732,0.017507,0.024995,0.076143,0.217682,-0.027012,-0.061181,-0.088864,0.036373,0.063625,-0.155319,0.08724,0.016354,-0.087777,-0.016007,-0.087262,-0.05257,0.096792,0.080006,-0.098794,0.105839,-0.020596,0.011848,-0.008918,-0.200202,0.184207,-0.005682,0.00361,-0.151457,0.113446,0.199142,-0.043126,-0.047523,-0.006396,0.072967,0.011336,-0.013954
Charlotte Lucas,0.056147,0.099861,-0.088837,-0.101257,-0.011685,0.012871,-0.176297,-0.035308,-0.19972,-0.024647,-0.020407,0.030516,-0.172784,1.0,-0.039175,-0.118957,-0.026821,0.02725,0.011703,-0.122276,0.009343,0.026451,0.008186,-0.170074,-0.007249,-0.194025,-0.057154,0.009939,-0.111012,-0.054658,-0.074849,-0.058869,-0.071066,0.047955,0.014265,-0.034787,0.056672,0.026713,-0.08131,0.190979,0.23249,0.027816,-0.024541,0.023315,0.099533,-0.0602,0.001481,0.186669,0.071243,0.024274,-0.084929,-0.059541,-0.163663,-0.130707,-0.028628,-0.111555,0.120523,-0.041635,-0.017117,0.030664,-0.053947,0.058182,0.205203,0.13198,0.066737,0.077607,-0.002025,-0.067474,0.024098,-0.041127,-0.066035,0.032794,0.045158,0.079097,0.059911,-0.13507,0.170219,0.060616,-0.010446,-0.10622,0.112604,0.133581,0.016859,-0.153622,-0.069708,0.077702,-0.049118,0.086492,0.018824,0.088376,0.125371,-0.126302,-0.169522,0.003901,0.109473,0.024379,-0.093785,-0.002683,-0.041044,0.02498,-0.031658,-0.175991,-0.093693
Charlotte Palmer,-0.066872,-0.029908,0.003995,-0.141989,-0.170449,0.030719,-0.155754,0.006936,0.031113,-0.071378,0.056831,-0.083805,0.064436,-0.039175,1.0,-0.063383,-0.027285,-0.02087,-0.074232,-0.106318,0.101299,0.023259,-0.052242,-0.030511,0.005839,0.025686,-0.086078,-0.160564,0.006866,-0.025939,-0.087559,0.003432,-0.177608,-0.015687,-0.053384,0.016038,-0.141276,-0.011768,-0.185138,-0.024165,-0.185876,-0.03932,0.036735,-0.028626,-0.011535,-0.020657,0.018551,-0.034652,-0.008896,-0.033523,0.144519,-0.046967,0.092958,0.044584,-0.010547,0.00754,-0.105902,0.098939,-0.045031,0.02726,-0.08495,0.212967,-0.107045,0.07088,-0.062715,0.116781,0.065881,0.058005,0.000494,0.070856,0.059234,-0.012718,0.053803,0.046863,0.045369,0.183091,0.04172,-0.041329,-0.046067,-0.074623,0.135679,-0.033852,0.003566,0.071648,0.090936,-0.009827,-0.104605,0.075159,0.009908,0.044123,0.120959,-0.104945,0.000454,-0.154687,0.07828,-0.083205,0.105607,-0.060305,-0.056414,-0.008474,0.031083,-0.05583,0.08329
Colonel Brandon,-0.053516,-0.048975,-0.026776,-0.100622,0.042283,-0.164705,0.138311,-0.072457,0.218624,-0.185828,-0.169257,0.199569,0.213674,-0.118957,-0.063383,1.0,0.078938,0.052626,-0.182656,0.409568,-0.097254,-0.059243,-0.118584,-0.045745,-0.133184,0.084428,-0.064421,0.191636,0.169777,0.192607,0.196921,0.111056,0.072852,0.073447,-0.061474,0.126347,0.218512,0.025685,0.144403,-0.163154,0.017579,-0.033893,0.166365,-0.130905,0.011939,0.342474,-0.017253,-0.173645,-0.12486,-0.098024,0.167262,0.044557,0.203908,0.034675,-0.116628,-0.13016,-0.121621,-0.038891,-0.174643,-0.153717,-0.019013,-0.030583,-0.09274,-0.007575,0.053899,0.037522,-0.062271,0.014214,-0.107342,0.228385,0.143079,-0.099978,-0.116885,-0.137476,-0.128803,0.15508,-0.116301,0.059439,-0.036314,0.123347,-0.099882,-0.114878,-0.052749,0.154263,0.030764,-0.180953,-0.071655,0.089616,-0.131703,-0.204164,-0.22041,0.282668,0.148384,0.109764,-0.04706,0.060953,0.198302,-0.042189,-0.13191,0.061491,0.047703,0.196098,0.033557
Colonel Fitzwilliam,-0.001729,-0.116729,-0.264822,-0.026531,0.188328,-0.171908,0.053605,0.166444,0.206545,-0.07096,-0.129164,0.164037,-0.024794,-0.026821,-0.027285,0.078938,1.0,0.016558,-0.076841,0.094089,0.065164,-0.239429,-0.139418,-0.073406,-0.301897,0.007928,-0.198763,0.093279,0.036127,0.069606,-0.027006,-0.116943,0.107642,0.086269,-0.135323,-0.087622,0.027835,0.071811,0.064634,-0.019872,-0.018974,-0.115078,0.019141,-0.070942,0.013009,0.051391,0.091188,-0.006883,-0.00391,-0.01809,-0.014457,-0.100776,0.013406,-0.032801,0.082901,-0.087738,-0.042982,-0.159357,-0.023557,0.037917,-0.207387,0.026268,-0.068224,0.090238,-0.054411,-0.00958,0.00071,0.130134,-0.140546,0.005464,-0.147899,0.027381,-0.039693,-0.093925,-0.144751,0.029161,0.034641,-0.021611,-0.191902,-0.0257,0.112987,-0.137643,0.078706,0.06284,-0.109782,-0.053192,-0.188761,-0.054845,-0.072957,-0.199557,-0.046543,0.001913,-0.050217,0.231089,-0.039568,-0.101935,-0.111436,-0.068528,-0.070921,0.026213,0.187764,0.159499,0.081308
Dr. Grant,-0.034339,-0.091842,-0.197321,-0.097922,0.049287,8.8e-05,0.074173,-0.011915,0.053912,-0.179508,-0.073146,0.192448,0.067959,0.02725,-0.02087,0.052626,0.016558,1.0,-0.058483,0.104154,-0.054776,-0.179102,-0.157118,-0.124112,-0.170101,0.008045,0.01036,0.067299,0.066187,-0.017704,-0.052339,0.000103,0.031792,0.04586,0.050957,0.1177,0.116652,0.041686,-0.023568,-0.110159,0.018293,-0.120273,0.110185,-0.075208,0.11004,0.112927,-0.036023,-0.0637,0.061811,-0.006827,-0.0058,-0.02362,0.024317,-0.0573,0.041464,0.028864,0.000684,0.049089,-0.048813,0.009391,-0.02228,0.043869,0.016977,-0.151007,-0.023355,-0.154678,-0.013342,0.04246,-0.057576,-0.115841,-0.041223,0.008626,-0.091599,-0.026035,-0.079952,0.041801,-0.012699,-0.002454,-0.155497,0.030321,0.006961,0.005946,0.100946,-0.087686,0.025256,-0.013694,0.041228,-0.007919,0.070835,-0.097522,-0.103238,0.177644,-0.037182,0.111053,-0.027258,-0.077103,-0.021234,-0.036051,0.110149,0.014809,0.007359,0.040736,0.060824
Edmund Bertram,0.096021,0.221112,0.194758,0.007665,-0.180586,0.182104,-0.124031,0.011316,-0.031552,0.193168,0.308261,-0.090105,0.03814,0.011703,-0.074232,-0.182656,-0.076841,-0.058483,1.0,-0.12179,0.061336,0.299934,0.287112,0.08111,0.399078,0.00707,0.294888,0.120777,0.100122,-0.01383,0.089609,0.308801,0.097325,-0.098512,0.066188,-0.113656,0.159616,0.191677,-0.097599,0.140315,-0.013507,0.289275,-0.168606,0.053627,0.143159,-0.007308,-0.041359,0.148091,0.081536,-0.167998,-0.187367,-0.024121,-0.12017,0.128669,-0.01313,-0.108545,0.061733,0.108849,0.010389,0.356401,0.198655,0.016424,-0.121228,0.04795,-0.03321,-0.046664,-0.089322,0.021819,0.156609,0.142282,0.132913,0.121064,0.160567,0.01782,0.20574,-0.063404,-0.155997,0.053108,0.20304,-0.046608,-0.079421,-0.065825,-0.131741,-0.227812,0.06466,0.028461,0.130797,-0.20624,-0.030758,0.271612,0.007975,-0.038265,0.029386,-0.135459,0.119612,0.379082,-0.14625,0.289202,0.006381,-0.05145,-0.070202,-0.153349,-0.060873
Edward Ferrars,-0.026549,-0.070214,-0.08704,-0.086483,0.087539,-0.194727,0.227012,-0.052607,0.283244,-0.10934,-0.110626,0.41878,0.135234,-0.122276,-0.106318,0.409568,0.094089,0.104154,-0.12179,1.0,-0.154441,-0.212177,-0.21404,-0.010603,-0.191799,-0.081768,0.066257,0.288353,0.320196,0.175232,-0.015337,0.042177,0.322533,0.161206,0.164468,0.096587,0.428341,0.147742,0.209969,-0.053811,-0.015818,0.036579,0.404565,-0.119766,0.138871,0.456558,0.081296,-0.297029,-0.036354,-0.139984,-0.028142,-0.024515,0.298923,0.092788,0.255817,-0.083822,0.008156,0.079057,-0.078269,0.015803,-0.00222,-0.007595,-0.244637,-0.055581,0.090849,-0.111213,-0.051397,0.118709,-0.304409,0.117817,0.025777,0.056566,-0.305292,-0.030825,-0.299553,0.138225,-0.199041,-0.012116,-0.256742,0.12254,-0.000642,-0.121564,0.030293,-0.010491,-0.189226,-0.057967,-0.225807,-0.031771,0.033289,-0.202227,-0.285093,0.411944,0.180666,0.378755,-0.137613,-0.147023,0.084561,-0.193968,-0.070324,-0.012195,0.081129,0.469176,0.268076
Eleanor Tilney,0.006706,-0.036195,0.01049,-0.196037,0.062219,-0.097926,-0.210054,-0.048116,0.005353,0.097888,0.237915,-0.03249,0.043956,0.009343,0.101299,-0.097254,0.065164,-0.054776,0.061336,-0.154441,1.0,0.065623,0.140142,-0.101966,0.008531,0.055017,-0.003288,-0.118025,-0.105526,-0.081256,0.05972,-0.040435,-0.071979,-0.138174,-0.205492,-0.055969,-0.10046,0.085167,-0.007566,-0.004563,0.037506,0.056457,-0.136142,-0.054985,-0.076138,-0.151729,-0.017616,0.069107,0.089226,0.073165,0.107745,-0.009509,-0.019187,-0.036291,-0.010951,0.08424,0.067405,0.03129,0.084998,0.023484,-0.079822,0.191927,0.085086,0.083719,0.081534,0.099502,0.006548,-0.047751,-0.027977,-0.004161,0.060849,-0.083637,0.148194,-0.04274,0.186195,-0.139177,0.016245,0.008692,0.107102,-0.176282,0.143557,-0.016287,-0.073095,0.066953,0.1056,-0.050087,-0.009014,-0.004423,-0.084449,-0.049193,0.081933,-0.129225,-0.197011,-0.188874,-0.003585,0.05274,0.0694,0.07501,-0.067053,0.019276,0.066539,-0.146198,-0.042307
Elinor Dashwood,-0.026736,0.295229,0.621454,-0.112322,-0.121385,0.070089,-0.276973,-0.040178,-0.334141,0.232294,0.397882,-0.446806,0.049287,0.026451,0.023259,-0.059243,-0.239429,-0.179102,0.299934,-0.212177,0.065623,1.0,0.633553,0.245378,0.730476,0.11122,0.418367,-0.195526,-0.235271,-0.337861,0.170282,0.135307,-0.182286,-0.199885,0.196565,-0.054015,-0.199643,-0.129332,-0.098781,0.186216,-0.04536,0.334476,-0.240201,0.145376,-0.269015,-0.081622,-0.12501,0.316575,-0.177295,-0.083183,0.132513,0.123162,-0.082353,0.379321,-0.107976,0.058733,0.147819,0.503503,0.145932,0.068726,0.39057,-0.165981,0.024206,0.041156,-0.11923,0.051062,-0.32142,-0.385202,0.239264,-0.014618,0.217142,-0.162771,0.12007,-0.094041,0.388964,0.037542,-0.148879,0.1542,0.558117,-0.188108,-0.003726,0.164415,-0.193951,-0.027497,0.384073,-0.039085,0.35843,0.032801,-0.009293,0.346355,0.122244,-0.150463,0.017451,-0.440495,-0.00077,0.348522,0.006676,0.211939,0.079939,-0.01192,0.043856,-0.392956,-0.372072
Elizabeth Bennet,0.053206,0.179029,0.599301,-0.131243,-0.024592,-0.098892,-0.303511,-0.070155,-0.379886,0.243034,0.574444,-0.333115,0.064802,0.008186,-0.052242,-0.118584,-0.139418,-0.157118,0.287112,-0.21404,0.140142,0.633553,1.0,0.261896,0.614388,0.093622,0.606005,-0.019168,-0.285034,-0.254137,0.170281,-0.101532,-0.092695,-0.094041,0.041857,-0.129647,-0.144301,-0.110272,0.001188,0.361765,-0.003962,0.557195,-0.251428,0.010336,-0.270797,-0.170518,0.117068,0.275044,-0.046463,-0.108036,0.178737,0.026876,-0.087127,0.252949,-0.025444,0.058994,0.189115,0.491158,0.24094,0.236496,0.415744,-0.128355,-0.007542,0.11927,-0.040804,0.158659,-0.37587,-0.277965,0.074561,-0.019286,0.291863,-0.141888,0.234323,-0.160844,0.411895,-0.03956,-0.187135,0.072161,0.491908,-0.264644,0.065438,0.016608,-0.273149,0.0571,0.266798,-0.035324,0.37065,0.012822,0.031935,0.191504,0.018199,-0.196077,-0.070348,-0.365782,-0.076955,0.310833,0.006862,0.227308,0.068304,-0.020201,3.5e-05,-0.354854,-0.328056
Elizabeth Elliot,-0.057704,0.047363,0.236148,-0.015986,-0.135351,-0.029309,-0.032725,-0.105517,-0.128309,0.084384,0.163655,-0.141399,0.08492,-0.170074,-0.030511,-0.045745,-0.073406,-0.124112,0.08111,-0.010603,-0.101966,0.245378,0.261896,1.0,0.279013,0.095869,0.243109,0.091678,-0.119029,-0.073237,0.072292,-0.006809,-0.000998,-0.002243,0.177724,-0.033665,-0.021616,-0.158865,0.006187,0.030615,-0.156903,0.155434,0.062476,0.096402,-0.14768,0.032612,0.090822,0.00991,-0.08247,-0.050934,0.029933,0.060041,0.033454,0.245225,-0.034841,-0.000509,-0.027178,0.139698,0.035309,0.058396,0.172238,-0.207547,-0.148686,-0.14039,-0.101181,-0.081024,-0.182898,-0.004729,0.000882,0.090526,0.042267,-0.021813,-0.051924,-0.115089,0.078195,0.151189,-0.112774,0.015812,0.126062,0.037952,0.030948,-0.017441,-0.072656,0.140912,0.058053,-0.009569,0.105084,0.050789,-0.024852,0.060163,-0.075495,-0.027673,0.075985,-0.076906,-0.065874,0.080167,0.136395,-0.024646,0.085072,-0.11303,0.010094,0.089732,-0.054378
Emma Woodhouse,0.095076,0.432468,0.704655,-0.093014,-0.245518,0.219535,-0.213809,-0.125993,-0.352588,0.188106,0.533401,-0.426364,0.078159,-0.007249,0.005839,-0.133184,-0.301897,-0.170101,0.399078,-0.191799,0.008531,0.730476,0.614388,0.279013,1.0,0.077882,0.570046,-0.056159,-0.099756,-0.245844,0.014212,0.307072,-0.148954,-0.206313,0.334962,-0.052544,-0.117761,-0.07804,-0.016862,0.212424,-0.097851,0.390993,-0.06695,0.110495,-0.153736,-0.069583,0.005252,0.215644,-0.063264,-0.126184,-0.024914,0.114571,-0.023048,0.356722,-0.068639,0.067518,0.129745,0.412518,0.091071,0.271618,0.39689,-0.028291,-0.051955,-0.059507,-0.193344,0.020725,-0.273393,-0.205389,0.261387,0.08704,0.280171,-0.111698,0.093506,-0.000345,0.263939,-0.004914,-0.148653,0.167224,0.343433,-0.136291,0.011636,0.106652,-0.224997,-0.047185,0.253735,-0.044653,0.320244,-0.107947,-0.024208,0.435316,0.022997,-0.048476,0.033677,-0.366787,0.007843,0.29324,-0.010314,0.175271,0.080394,-0.111696,-0.062867,-0.266715,-0.332426
Fanny Dashwood,-0.199876,0.001621,0.059329,0.056473,-0.054862,-0.101637,-0.032305,-0.127435,-0.089834,0.069074,0.089657,-0.150916,0.052135,-0.194025,0.025686,0.084428,0.007928,0.008045,0.00707,-0.081768,0.055017,0.11122,0.093622,0.095869,0.077882,1.0,0.071185,-0.078114,-0.125918,-0.090563,0.085181,-0.015858,-0.064984,-0.063008,-0.003821,0.10453,-0.165639,-0.081222,0.023471,-0.119361,-0.09503,0.061641,-0.147587,0.084911,-0.15189,-0.040153,0.032725,0.050519,0.039564,0.040355,0.145308,-0.003524,0.047754,0.112604,-0.099139,0.007699,0.028241,0.028502,0.061074,0.008111,-0.006464,-0.035753,-0.007963,-0.063681,0.015707,-0.039396,-0.097014,-0.075787,-0.025868,-0.008817,0.093656,-0.069129,-0.071978,-0.14803,0.03095,0.036536,-0.059957,0.012757,0.173925,-0.001191,-0.056958,-0.064038,0.007107,0.056878,0.132864,-0.077516,0.087146,-0.021682,-0.018822,-0.095907,-0.091275,-0.106636,-0.007027,-0.176779,-0.099834,0.029156,0.17972,0.06634,-0.013407,-0.029036,0.015301,-0.141897,-0.141886
Fanny Price,0.007529,0.191873,0.600236,-0.130147,-0.064572,-0.017036,-0.112399,-0.124846,-0.197443,0.029894,0.488544,-0.127888,0.068033,-0.057154,-0.086078,-0.064421,-0.198763,0.01036,0.294888,0.066257,-0.003288,0.418367,0.606005,0.243109,0.570046,0.071185,1.0,0.092612,-0.006174,-0.050267,0.023113,0.082088,0.012849,-0.07906,0.438717,0.105485,0.106171,0.019644,0.123486,0.326075,0.008652,0.452848,0.137797,-0.039319,-0.106015,0.01632,0.229075,0.07018,-0.030064,-0.127177,0.003191,0.022827,0.151785,0.218461,0.111317,-0.011325,0.204644,0.457066,0.035268,0.35569,0.341524,-0.012661,-0.213381,-0.157021,-0.100102,-0.047417,-0.327465,-0.078976,-0.0852,-0.03623,0.239812,0.023015,-0.050938,-0.057838,0.099888,-0.016862,-0.306505,0.097023,0.189106,-0.138043,-0.047804,-0.054588,-0.142841,0.065335,0.050789,0.062547,0.267956,-0.067397,0.089284,0.120401,-0.096134,0.081935,0.023085,-0.200262,-0.259663,0.137382,0.048733,0.05393,0.213408,-0.132153,-0.123993,-0.069943,-0.066656
Fitzwilliam Darcy,0.176038,0.076988,-0.212289,-0.012272,-0.024639,0.015339,0.232911,-0.137218,0.095314,0.039923,0.040197,0.309714,0.000524,0.009939,-0.160564,0.191636,0.093279,0.067299,0.120777,0.288353,-0.118025,-0.195526,-0.019168,0.091678,-0.056159,-0.078114,0.092612,1.0,0.212084,0.323345,0.037497,0.264343,0.348454,0.167429,0.141077,-0.03768,0.382821,0.258455,0.005659,0.134434,0.102964,0.158165,0.227848,-0.04289,0.307339,0.411222,0.208025,-0.244259,0.207133,-0.154447,-0.223782,-0.008336,-0.031074,-0.042743,0.006125,-0.234061,0.013496,-0.160089,-0.180538,0.229908,-0.065309,-0.016196,-0.100505,-0.028886,0.06363,-0.101945,-0.133848,0.272598,-0.085947,0.196452,-0.118225,0.06606,-0.132019,-0.013913,-0.079752,-0.072381,-0.111047,0.063904,-0.226535,0.28539,-0.068422,-0.150115,-0.12731,-0.129145,-0.287005,-0.057173,-0.17661,-0.186456,-0.079941,-0.021639,-0.230159,0.162102,0.129108,0.38368,0.042534,-0.034042,-0.155091,0.084068,0.002038,0.043233,0.009798,0.341905,0.012715
Frank Churchill,0.064474,0.010534,-0.065464,-0.057878,-0.011973,0.096205,0.325367,0.035841,0.396254,-0.143163,-0.155367,0.306474,-0.030352,-0.111012,0.006866,0.169777,0.036127,0.066187,0.100122,0.320196,-0.105526,-0.235271,-0.285034,-0.119029,-0.099756,-0.125918,-0.006174,0.212084,1.0,0.211017,-0.122305,0.207565,0.22407,0.142644,0.14071,0.065445,0.300373,0.229569,0.167614,-0.092906,-0.026657,-0.050647,0.315167,-0.171925,0.249037,0.298674,0.037919,-0.278197,0.165209,-0.128771,-0.294655,-0.067771,0.12747,-0.033151,0.139457,-0.048315,-0.102057,-0.092405,-0.147687,0.073648,0.011779,0.165159,-0.192488,-0.039104,-0.068145,-0.176566,0.127264,0.311314,-0.129217,0.139523,-0.047709,0.216931,-0.146428,0.005573,-0.152609,-0.028337,-0.06979,-0.021563,-0.219489,0.238978,-0.106111,-0.120436,-0.106287,-0.131005,-0.196887,0.017873,-0.075151,-0.172509,-0.070513,-0.069734,-0.093182,0.270023,0.104078,0.24523,0.138203,-0.067828,-0.082408,-0.100915,0.02182,0.152431,-0.127231,0.324123,0.345373
Frederick Tilney,0.006454,-0.108773,-0.255766,0.028458,-0.038877,-0.027063,0.207742,-0.031388,0.178774,-0.0879,-0.125599,0.219088,0.02255,-0.054658,-0.025939,0.192607,0.069606,-0.017704,-0.01383,0.175232,-0.081256,-0.337861,-0.254137,-0.073237,-0.245844,-0.090563,-0.050267,0.323345,0.211017,1.0,0.041394,0.079709,0.198326,0.126451,-0.020329,0.058609,0.180791,0.207057,0.074716,-0.042319,-0.003727,-0.043762,0.19982,-0.140848,0.290355,0.183402,0.197191,-0.278295,0.07568,-0.138345,-0.111867,-0.04075,0.083273,-0.178269,-0.015682,-0.184959,-0.05363,-0.240487,-0.223674,0.082121,-0.187404,0.031138,-0.148692,-0.000528,0.013116,0.010718,0.074499,0.396883,-0.041723,0.182974,-0.105619,0.160237,-0.07049,-0.000903,-0.161156,-0.051927,-0.092727,-0.059392,-0.275281,0.247941,-0.143153,-0.193957,0.043616,0.046225,-0.24845,-0.075618,-0.254965,-0.131885,-0.069913,-0.149774,-0.146476,0.073265,0.108609,0.289821,-0.055109,-0.106219,-0.101228,-0.114698,0.046997,-0.022774,-0.040973,0.26874,0.206305
General Tilney,-0.074326,-0.147291,0.077461,-0.09677,0.003779,-0.169437,-0.036886,0.062803,0.051874,0.096495,-0.01947,0.008378,0.049508,-0.074849,-0.087559,0.196921,-0.027006,-0.052339,0.089609,-0.015337,0.05972,0.170282,0.170281,0.072292,0.014212,0.085181,0.023113,0.037497,-0.122305,0.041394,1.0,-0.071928,0.081056,-0.059652,-0.175766,-0.052319,0.074582,0.082702,-0.074404,-0.042296,-0.034297,0.014299,-0.270221,-0.014073,-0.109291,0.075502,-0.154787,0.031643,-0.211157,-0.10148,0.258455,0.122268,-0.080024,-0.03636,-0.22922,-0.073924,0.023591,0.079189,0.032226,-0.145913,-0.030398,-0.179267,-0.027163,0.068314,0.004091,0.079535,-0.037819,-0.110801,0.031163,0.021199,0.129938,-0.042832,0.182409,-0.208725,0.195144,-0.023011,-0.113234,-0.07229,0.267753,0.05598,-0.079392,-0.019659,-0.103667,0.119067,0.142161,-0.016908,0.06582,0.196464,-0.010422,-0.150058,-0.036567,0.027879,0.114937,-0.16982,-0.067875,0.373428,0.056899,0.15827,-0.007605,-0.012011,0.131159,-0.062353,-0.002666
George Knightley,0.107075,0.296118,0.037175,0.005238,-0.246016,0.298061,0.040303,-0.10655,0.025764,0.066096,0.087884,-0.041704,0.033898,-0.058869,0.003432,0.111056,-0.116943,0.000103,0.308801,0.042177,-0.040435,0.135307,-0.101532,-0.006809,0.307072,-0.015858,0.082088,0.264343,0.207565,0.079709,-0.071928,1.0,0.024994,-0.149075,0.231508,-0.02052,0.167633,0.180968,-0.031634,-0.022688,-0.070405,0.075834,0.054622,0.020485,0.198619,0.231276,-0.044609,-0.077285,0.07638,-0.143801,-0.193108,0.039829,-0.099824,0.100014,-0.128861,-0.122058,-0.116528,-0.090085,-0.181634,0.187354,0.0824,0.166372,-0.032201,-0.019956,-0.052533,-0.134715,0.016604,0.047181,0.218499,0.188712,0.142495,0.012742,-0.028467,0.124578,0.039767,-0.009015,-0.105464,0.195398,-0.047608,0.028048,-0.089618,0.042503,-0.091821,-0.098,0.0508,-0.102544,0.020982,-0.188984,-0.103026,0.341331,0.002842,0.200379,0.093852,-0.032435,0.058125,0.125891,-0.049596,0.198294,-0.076147,0.001806,-0.035708,0.006482,-0.113942
George Wickham,0.079055,-0.073292,-0.094124,-0.081115,0.046026,-0.034482,0.240281,-0.009237,0.227812,0.107449,-0.130866,0.35048,0.005035,-0.071066,-0.177608,0.072852,0.107642,0.031792,0.097325,0.322533,-0.071979,-0.182286,-0.092695,-0.000998,-0.148954,-0.064984,0.012849,0.348454,0.22407,0.198326,0.081056,0.024994,1.0,0.140951,0.072998,-0.098293,0.283358,0.237556,0.080105,0.050067,-0.025659,0.059046,0.173578,-0.041306,0.210493,0.302724,0.069443,-0.187752,0.035984,-0.145781,-0.120023,-0.115858,0.043132,0.017771,0.107353,-0.037864,0.091985,-0.053128,0.022326,0.142136,-0.039005,-0.053347,-0.22591,0.011269,0.052408,-0.170901,0.03024,0.113158,-0.104568,0.056813,-0.104914,0.111267,-0.147417,-0.059775,-0.10123,-0.019683,-0.189775,-0.041776,-0.094674,0.190636,-0.032964,-0.09445,-0.033405,-0.103978,-0.221761,0.025527,-0.078283,-0.172141,0.060975,-0.125369,-0.104804,0.230649,0.266329,0.286146,0.064491,-0.081528,-0.13661,0.016765,-0.017724,0.003852,0.037014,0.38064,0.120305
Georgiana Darcy,-0.015939,-0.186634,-0.187945,0.059261,0.128706,-0.116013,0.181635,0.058688,0.139633,-0.05793,-0.09296,0.260938,-0.155515,0.047955,-0.015687,0.073447,0.086269,0.04586,-0.098512,0.161206,-0.138174,-0.199885,-0.094041,-0.002243,-0.206313,-0.063008,-0.07906,0.167429,0.142644,0.126451,-0.059652,-0.149075,0.140951,1.0,0.016201,-0.042632,0.086284,0.022995,0.070473,-0.053894,0.037954,0.043396,0.192039,-0.082992,0.036775,0.178252,0.148993,-0.12228,0.095178,-0.069572,-0.065839,-0.028061,0.069798,-0.095699,0.060667,-0.051966,0.034081,-0.052259,-0.011046,-0.014628,-0.118543,-0.049928,-0.057408,0.032008,-0.018308,-0.107643,0.040946,0.199125,-0.223366,-0.030231,-0.207636,0.028979,-0.069896,-0.054279,-0.167482,0.080664,-0.036022,-0.064228,-0.154939,0.194851,0.033113,-0.083342,-0.016786,-0.09523,-0.20212,0.004177,-0.197676,-0.035404,-0.064875,-0.199859,-0.092109,-0.037457,0.04413,0.229889,0.065793,-0.095986,-0.093793,-0.149863,0.083349,0.075674,-0.091887,0.177312,0.167936
Harriet Smith,-0.031047,0.202097,0.272756,0.027706,-0.113449,0.112861,0.188798,-0.131394,0.032194,0.005699,0.147741,0.008604,0.053422,0.014265,-0.053384,-0.061474,-0.135323,0.050957,0.066188,0.164468,-0.205492,0.196565,0.041857,0.177724,0.334962,-0.003821,0.438717,0.141077,0.14071,-0.020329,-0.175766,0.231508,0.072998,0.016201,1.0,0.198594,0.139552,0.022563,0.073515,0.09408,-0.036873,0.141252,0.330321,0.095822,0.109131,0.16703,0.091637,-0.043415,-0.018632,-0.081144,-0.198755,0.051267,0.243039,0.199399,0.152722,0.004888,0.105005,0.27474,-0.152596,0.154935,0.163476,0.016763,-0.159832,-0.31285,-0.128568,-0.244187,-0.146448,0.037462,-0.011486,-0.10176,-0.087155,0.100354,-0.287026,0.008498,-0.146673,-0.03192,-0.132901,0.055856,-0.061523,0.060406,-0.043419,-0.017865,0.028735,-0.12263,-0.143011,0.084813,-0.031569,-0.081261,0.083889,0.048766,-0.101979,0.178623,0.079494,0.046104,-0.225222,-0.093056,0.026829,-0.114804,0.242095,-0.05448,-0.10043,0.147225,0.025461
Henrietta Musgrove,-0.078969,-0.037543,0.009922,0.064289,-0.031428,0.015466,0.057858,-0.14935,-0.003015,-0.091404,-0.110849,-0.013904,0.123056,-0.034787,0.016038,0.126347,-0.087622,0.1177,-0.113656,0.096587,-0.055969,-0.054015,-0.129647,-0.033665,-0.052544,0.10453,0.105485,-0.03768,0.065445,0.058609,-0.052319,-0.02052,-0.098293,-0.042632,0.198594,1.0,0.038235,-0.109093,0.066001,0.009754,-0.000139,-0.043851,0.063194,0.040759,-0.053518,-0.034702,0.117979,0.02281,-0.005893,-0.033849,0.02484,-0.008879,0.228533,-0.011906,0.053547,-0.082795,0.040342,0.07302,-0.01951,-0.022675,0.060303,-0.071402,0.015524,-0.13276,0.003093,-0.017016,-0.095231,-0.029538,-0.195376,-0.09136,0.026885,-0.012388,-0.103056,-0.0868,-0.132015,0.079942,-0.031455,-0.077327,-0.048084,-0.002906,-0.042976,0.026624,0.110847,0.050405,-0.05962,-0.00277,0.053423,-0.028121,0.021272,-0.172566,-0.131627,0.017041,-0.067619,-0.005124,-0.214148,-0.069299,0.175798,-0.067129,0.018662,0.012244,-0.04515,0.021308,0.037348
Henry Crawford,0.132988,0.002649,-0.125407,-0.135473,0.034787,-0.094454,0.222147,-0.043338,0.280882,-0.06528,-0.070356,0.33234,0.084341,0.056672,-0.141276,0.218512,0.027835,0.116652,0.159616,0.428341,-0.10046,-0.199643,-0.144301,-0.021616,-0.117761,-0.165639,0.106171,0.382821,0.300373,0.180791,0.074582,0.167633,0.283358,0.086284,0.139552,0.038235,1.0,0.280986,0.041766,0.103417,0.119657,0.018349,0.144724,-0.036952,0.339388,0.296223,0.067323,-0.126249,-0.023602,-0.111559,-0.154256,-0.05179,0.115274,-0.029145,0.11725,-0.081673,-0.015887,-0.056917,-0.089016,0.159335,-0.051133,-0.052754,-0.094947,-0.05562,0.155422,-0.158537,0.003474,0.127624,-0.139093,0.114412,-0.047063,0.165111,-0.181229,-0.102754,-0.115,-0.041235,-0.170502,-0.029531,-0.148806,0.105718,-0.068498,-0.017016,-0.083392,-0.188229,-0.229282,-0.033666,-0.043324,-0.113238,0.040328,-0.095881,-0.148458,0.367043,0.047832,0.340084,0.015395,0.142094,-0.014767,-0.001496,0.048204,0.06429,0.03877,0.326588,0.230222
Henry Tilney,0.072904,0.004718,-0.12117,-0.078641,0.003366,-0.009826,0.03944,0.006616,0.217891,0.090566,0.065222,0.30087,-0.058524,0.026713,-0.011768,0.025685,0.071811,0.041686,0.191677,0.147742,0.085167,-0.129332,-0.110272,-0.158865,-0.07804,-0.081222,0.019644,0.258455,0.229569,0.207057,0.082702,0.180968,0.237556,0.022995,0.022563,-0.109093,0.280986,1.0,0.03532,0.057156,0.056039,0.080312,0.100099,-0.09374,0.310329,0.224936,-0.028289,-0.157052,0.040388,-0.18053,-0.196291,-0.088158,-0.021806,-0.054057,0.058155,-0.023989,-0.044176,-0.070918,-0.150263,0.168989,-0.141369,0.123545,-0.190172,-0.072265,0.033803,-0.102885,0.108642,0.221561,0.006229,0.107111,-0.04417,0.102317,-0.051406,0.160397,-0.116276,-0.057307,-0.022416,-0.008658,-0.203163,0.174711,-0.031822,-0.234973,-0.071513,-0.154607,-0.107553,-0.039149,-0.167031,-0.073362,0.063795,0.008376,0.002847,0.104307,0.0302,0.147881,0.095883,0.02373,-0.12241,0.088784,-0.084944,-0.045325,-0.049696,0.210807,0.186845
Isabella Knightley,0.050407,0.117237,0.056772,0.003437,0.143397,-0.006287,0.116859,-0.089638,0.000595,0.100775,-0.026537,0.097834,0.065711,-0.08131,-0.185138,0.144403,0.064634,-0.023568,-0.097599,0.209969,-0.007566,-0.098781,0.001188,0.006187,-0.016862,0.023471,0.123486,0.005659,0.167614,0.074716,-0.074404,-0.031634,0.080105,0.070473,0.073515,0.066001,0.041766,0.03532,1.0,-0.052636,0.087898,0.189966,0.199044,-0.195877,0.005087,0.017163,0.050429,-0.011066,0.077004,-0.111736,0.014464,-0.045267,0.049991,0.114539,0.138155,0.092791,0.023957,-0.021344,0.093706,0.057292,0.174995,0.038681,-0.124096,-0.024619,0.007937,-0.087361,-0.085191,0.047126,-0.201902,-0.09276,0.096331,-0.018073,-0.092152,-0.03275,-0.087919,-0.104726,-0.145898,0.024544,-0.007367,0.09165,-0.040389,-0.118319,-0.060353,0.101696,-0.13084,-0.075383,0.069979,-0.112102,0.021208,-0.13955,-0.181073,0.139358,-0.05525,0.119173,-0.114552,-0.146038,-0.037374,-0.062576,-0.163574,0.02703,-0.104563,0.109746,0.028435
