character,Admiral Croft,Anna Weston,Anne Elliot,Anne Steele,Anne de Bourgh,Augusta Elton,Captain Benwick,Captain Harville,Captain Wentworth,Caroline Bingley,Catherine Morland,Charles Bingley,Charles Musgrove,Charlotte Lucas,Charlotte Palmer,Colonel Brandon,Colonel Fitzwilliam,Dr. Grant,Edmund Bertram,Edward Ferrars,Eleanor Tilney,Elinor Dashwood,Elizabeth Bennet,Elizabeth Elliot,Emma Woodhouse,Fanny Dashwood,Fanny Price,Fitzwilliam Darcy,Frank Churchill,Frederick Tilney,General Tilney,George Knightley,George Wickham,Georgiana Darcy,Harriet Smith,Henrietta Musgrove,Henry Crawford,Henry Tilney,Isabella Knightley,Isabella Thorpe,James Morland,Jane Bennet,Jane Fairfax,John Dashwood,John Thorpe,John Willoughby,Julia Bertram,Lady Bertram,Lady Catherine de Bourgh,Lady Lucas,Lady Middleton,Lady Russell,Louisa Musgrove,Lucy Steele,Lydia Bennet,Margaret Dashwood,Maria Bertram,Marianne Dashwood,Mary Bennet,Mary Crawford,Mary Musgrove,Miss Bates,Mr. Allen,Mr. Bennet,Mr. Gardiner,Mr. Hurst,Mr. Perry,Mr. Rushworth,Mr. Shepherd,Mr. Weston,Mr. Woodhouse,Mr. Yates,Mrs. Allen,Mrs. Bates,Mrs. Bennet,Mrs. Clay,Mrs. Cole,Mrs. Croft,Mrs. Dashwood,Mrs. Ferrars,Mrs. Gardiner,Mrs. Grant,Mrs. Harville,Mrs. Hurst,Mrs. Jennings,Mrs. Morland,Mrs. Norris,Mrs. Phillips,Mrs. Price,Mrs. Smith,Mrs. Thorpe,Philip Elton,Robert Ferrars,Robert Martin,Sir John Middleton,Sir Thomas Bertram,Sir Walter Elliot,Sir William Lucas,Susan Price,Thomas Palmer,William Collins,William Elliot,William Price
Admiral Croft,1.0,0.056819,-0.118523,-0.085843,-0.159915,-0.051223,-0.095911,0.050294,-0.142069,0.173087,0.241973,-0.203391,-0.058477,-0.129687,0.134843,-0.219589,-0.220004,-0.06836,0.034596,-0.300507,0.283184,0.119777,-0.10522,0.097395,0.165684,0.109663,-0.219042,-0.090281,-0.178048,-0.039751,-0.10225,0.073301,-0.103261,-0.115963,-0.314737,-0.134598,-0.16772,0.072174,-0.000449,0.21424,-0.019231,0.096373,-0.122711,-0.010807,0.175965,-0.257982,-0.007806,0.327379,-0.032678,-0.256675,0.05903,-0.229512,-0.164038,0.274271,0.174044,0.300571,-0.30231,-0.093288,-0.053748,0.0953,-0.091324,-0.260597,0.35847,-0.024537,-0.133547,0.097771,-0.109165,-0.232963,-0.056404,0.227859,0.102691,0.09268,-0.002874,-0.183888,0.353052,-0.041212,-0.00582,0.064795,-0.227914,0.063328,0.089404,0.068979,-0.026882,0.008338,0.287425,-0.048954,0.167766,-0.089687,0.138042,-0.033843,0.389365,-0.111278,-0.041837,-0.227702,-0.098059,-0.14254,-0.248835,0.030319,-0.244016,-0.181052,-0.122704,-0.268291,0.027727
Anna Weston,0.056819,1.0,0.330199,-0.160932,-0.215609,-0.004826,-0.383696,-0.086206,0.077587,0.23676,0.420663,-0.304175,-0.08171,-0.08161,0.209711,-0.160332,-0.12779,-0.196994,0.291651,-0.083957,0.262191,0.333243,0.358936,0.187787,0.514386,0.071467,0.362944,-0.17225,0.13696,-0.006299,-0.134934,0.214543,-0.235818,-0.287186,-0.062689,0.051995,-0.058529,0.032106,-0.109896,0.390591,-0.247294,0.282452,-0.022301,-0.041896,-0.080883,-0.174091,0.100001,0.335963,-0.182453,-0.106714,0.013179,-0.132188,0.060497,0.193651,0.242333,0.250785,0.065355,0.207447,-0.013704,0.269587,0.137953,0.0187,0.043625,-0.007373,-0.104825,-0.401931,0.019704,-0.126966,-0.061802,0.113716,0.402179,0.062405,0.190876,0.218224,0.326273,-0.013931,-0.093525,0.091133,0.013024,-0.348689,0.331102,0.173777,-0.123668,0.081704,0.227371,-0.013374,0.209297,-0.053226,0.170797,-0.015586,0.056734,-0.246082,-0.038877,-0.337021,-0.222476,0.250892,-0.155903,0.275245,-0.062617,-0.115087,-0.106115,-0.277228,-0.119679
Anne Elliot,-0.118523,0.330199,1.0,-0.173412,0.012151,-0.03823,-0.269,-0.099013,0.066204,0.142639,0.325023,-0.249663,-0.024181,-0.104821,0.154251,-0.112642,-0.147373,-0.077385,0.37647,0.023667,0.064092,0.44868,0.550633,0.233024,0.418859,0.081761,0.600325,-0.123178,0.284858,0.047271,-0.082968,0.091174,-0.184011,-0.232865,0.264136,0.097734,-0.052034,0.029838,-0.034077,0.176127,-0.255631,0.32322,0.115298,-0.074437,-0.191485,-0.010188,0.031296,0.106759,-0.167472,-0.036104,0.095068,0.018724,0.147605,0.236577,0.146992,-0.086165,0.108663,0.420018,-0.098024,0.224604,0.242911,-0.045172,-0.07179,0.066254,-0.077303,-0.369705,-0.067188,-0.125519,0.06141,-0.053934,0.279549,0.049857,0.071607,0.144559,0.159501,-0.167492,-0.077334,0.001725,0.250376,-0.267111,0.186631,0.311469,-0.15779,0.147471,0.098199,-0.041633,0.196572,0.014622,0.014788,0.199485,-0.225299,-0.3805,0.093587,-0.147021,-0.283303,0.42912,0.132261,0.055892,0.012495,-0.12733,-0.004364,-0.203681,0.031105
Anne Steele,-0.085843,-0.160932,-0.173412,1.0,-0.05893,0.025757,0.216509,0.022564,-0.115794,-0.181425,-0.209411,0.085991,0.048387,-0.023636,-0.178109,-0.036914,0.128526,0.02081,-0.174306,0.041704,-0.219854,-0.202355,-0.165811,-0.127362,-0.22961,-0.054587,-0.150801,0.006297,-0.098684,0.009623,0.008667,-0.033847,0.075352,-0.07241,0.072735,-0.088712,-0.058599,-0.126478,-0.034718,-0.164601,0.200774,-0.094191,-0.034543,0.07205,-0.047466,0.084135,-0.103012,-0.157985,0.115817,0.039212,-0.119614,0.022231,0.023289,-0.145822,-0.176331,-0.111738,-0.032665,-0.192484,0.070414,-0.222481,-0.082181,0.03573,-0.125127,-0.043199,-0.020383,0.162625,-0.055844,-0.020527,0.015627,-0.108522,-0.266947,0.017991,-0.094937,-0.038887,-0.206705,0.024053,-0.053268,0.000191,-0.091428,0.181072,-0.208117,-0.03357,0.10124,-0.048142,-0.155847,0.1259,-0.175095,-0.161213,-0.077402,-0.06058,-0.128417,0.125619,-0.070876,0.105033,0.026918,-0.131859,0.044672,-0.213529,-0.018098,-0.046502,-0.017662,0.161376,-0.005235
Anne de Bourgh,-0.159915,-0.215609,0.012151,-0.05893,1.0,-0.056558,0.106939,-0.030263,-0.041812,-0.172574,-0.205513,0.170468,-0.034499,0.101049,0.07305,0.126731,0.086311,0.138581,-0.200543,0.172092,-0.171488,-0.258433,-0.122758,-0.084036,-0.26173,-0.047136,0.060224,0.097328,0.179408,-0.004592,-0.014819,-0.198214,0.078071,0.368252,0.231772,0.14347,0.033861,-0.067543,-0.035383,-0.281382,0.048537,-0.201709,0.185026,-0.033342,0.028332,0.10444,-0.026693,-0.256202,0.092877,-0.015417,0.096294,-0.011266,0.085813,-0.162968,-0.125962,-0.233306,0.028797,0.020393,0.037503,-0.065851,-0.075804,0.048213,-0.053706,0.040329,-0.046221,-0.024267,0.041112,-0.013825,-0.09265,-0.074267,-0.113734,0.018906,-0.196359,-0.086659,-0.350578,0.161953,0.068197,-0.022262,0.040164,0.066587,-0.110395,-0.258769,0.087059,-0.160664,-0.238303,-0.045837,-0.253523,0.21176,-0.042941,0.142185,-0.189861,0.178799,-0.00884,0.110353,0.114043,-0.064439,0.056197,-0.162089,0.082583,0.108822,0.038844,0.11383,-0.119849
Augusta Elton,-0.051223,-0.004826,-0.03823,0.025757,-0.056558,1.0,0.181374,0.042751,-0.146164,0.060847,-0.079484,0.256279,0.06368,-0.039769,-0.392355,0.009341,0.218403,0.274105,-0.192204,0.219164,-0.160474,-0.154993,-0.026299,-0.1583,0.018211,-0.049164,0.010192,0.124796,-0.121763,-0.068564,-0.129063,-0.002194,0.057222,-0.068211,0.093339,-0.180608,0.066654,0.224992,-0.121826,0.020898,0.012863,0.077063,0.069853,-0.076536,0.014289,0.17797,-0.055917,-0.024858,0.267122,0.068572,-0.182185,0.068193,-0.0159,-0.099226,-0.133847,-0.156431,0.000424,-0.037473,0.032355,-0.036459,0.085098,0.261854,0.004162,-0.024927,0.116141,0.007009,-0.101943,0.061459,0.236698,-0.041367,-0.181336,-0.170565,0.164051,0.247111,-0.054705,0.025932,-0.088728,0.053888,0.171269,0.049497,-0.114535,-0.150611,0.095966,-0.014029,-0.182325,-0.062585,0.00112,-0.145838,-0.092568,0.010302,-0.071581,-0.000408,-0.095387,0.325399,0.082651,-0.073392,-0.04347,-0.110114,0.096238,0.004072,0.122254,0.12444,0.103699
Captain Benwick,-0.095911,-0.383696,-0.269,0.216509,0.106939,0.181374,1.0,0.080932,0.000717,-0.303785,-0.468013,0.384482,0.269207,0.094894,-0.38404,0.293691,0.273408,0.235167,-0.317886,0.394058,-0.381198,-0.446886,-0.412216,-0.259927,-0.476039,-0.149731,-0.229463,0.223686,-0.02141,0.045723,0.042243,-0.064553,0.392558,0.177362,0.221893,-0.063248,0.189086,-0.083975,-0.068319,-0.382868,0.458339,-0.26722,0.160831,0.202761,0.151729,0.359764,-0.154003,-0.491407,0.247196,0.09999,-0.099031,0.138382,-0.017812,-0.340548,-0.441533,-0.446723,0.006594,-0.226606,0.1438,-0.301199,-0.174126,0.122248,-0.199619,-0.05417,0.090253,0.447231,0.089465,0.219798,0.093891,-0.02338,-0.470123,-0.067329,-0.168361,-0.006816,-0.504238,0.061857,0.008022,-0.124021,-0.018256,0.227989,-0.329756,-0.331435,0.135675,-0.127455,-0.458243,0.049264,-0.395833,-0.056616,-0.291225,-0.133618,-0.3119,0.420249,-0.077862,0.442474,0.263472,-0.232342,0.144762,-0.312227,0.11596,0.110419,0.080831,0.511724,0.216861
Captain Harville,0.050294,-0.086206,-0.099013,0.022564,-0.030263,0.042751,0.080932,1.0,0.109347,-0.105899,-0.138307,0.101397,-0.124304,0.093027,-0.101877,0.094895,-0.04746,-0.024059,-0.027261,0.085968,-0.041875,-0.189307,-0.041877,-0.117229,-0.142776,-0.058491,-0.110922,0.136291,-0.046346,0.005089,-0.087603,0.212699,0.038632,0.045966,-0.153873,-0.125582,0.086578,-0.052607,0.006129,-0.174772,0.076359,-0.10917,-0.033827,0.07025,0.074246,-0.012304,-0.109297,-0.19106,-0.069819,-0.040554,-0.086664,0.000463,-0.010373,-0.055271,-0.060992,-0.144714,-0.275173,-0.279038,-0.034519,0.128283,-0.340008,-0.088965,0.024529,-0.032667,-0.090813,0.152505,-0.081984,0.061036,-0.064124,0.020607,-0.056141,0.105834,-0.141856,-0.190525,-0.140973,-0.046226,0.014117,-0.068892,-0.195783,0.194679,0.137489,-0.077117,0.083634,-0.147401,-0.179794,0.170301,-0.196083,0.036551,-0.00244,-0.167828,-0.071575,-0.023484,-0.048513,-0.057929,0.085965,-0.100929,0.162924,-0.015541,-0.046724,-0.051957,-0.029736,0.092276,-0.132978
Captain Wentworth,-0.142069,0.077587,0.066204,-0.115794,-0.041812,-0.146164,0.000717,0.109347,1.0,-0.151077,-0.078719,0.102913,0.018259,0.112702,0.028191,0.194315,-0.036141,-0.150253,0.199142,0.190946,0.056072,-0.097273,0.075343,0.041618,-0.03637,0.05767,0.12673,0.15993,0.342205,0.047767,0.055645,0.069763,0.121923,0.100122,0.040336,0.01807,0.345929,-0.079003,0.015331,-0.098455,0.049794,-0.047202,0.069877,0.058327,-0.004504,0.155966,0.10388,-0.153251,-0.273014,-0.008743,0.009573,0.129858,0.181634,-0.218436,0.020557,-0.111438,0.135223,0.052915,-0.100166,0.091158,-0.126246,-0.034566,-0.091404,0.148639,-0.163319,-0.092949,0.058339,0.237291,-0.106295,0.06232,0.061586,-0.056237,0.056294,-0.105067,-0.118045,-0.09072,-0.155778,-0.151382,0.036477,-0.09492,0.01241,-0.02919,-0.153075,-0.026152,-0.113699,-0.099322,-0.10157,0.054071,-0.064348,-0.060097,-0.178096,0.09064,0.09862,0.038122,0.058653,0.175649,0.102236,0.152978,0.160151,0.06397,0.033532,0.28873,0.071921
Caroline Bingley,0.173087,0.23676,0.142639,-0.181425,-0.172574,0.060847,-0.303785,-0.105899,-0.151077,1.0,0.471318,-0.261689,-0.043545,-0.230066,0.002815,-0.203677,-0.144083,-0.214041,0.144979,-0.189719,0.262353,0.395451,0.311178,0.116114,0.514789,0.018692,0.055595,-0.161359,-0.125765,-0.010284,-0.109554,0.0469,-0.168991,-0.359672,-0.257642,-0.056418,-0.274951,0.278589,-0.109727,0.464452,-0.276368,0.482681,-0.081229,-0.208277,-0.126858,-0.212237,0.000468,0.47859,-0.186309,-0.041243,0.131825,-0.233006,-0.203793,0.351928,0.2394,0.365475,-0.030709,0.306902,-0.105711,0.212593,0.246453,-0.160993,-0.012408,-0.170267,0.137486,-0.203122,-0.148335,-0.2516,0.00646,-0.025564,0.356463,0.033538,0.374187,0.100939,0.502895,0.018768,-0.054884,0.200004,-0.054338,-0.286864,0.397908,0.107273,-0.231585,0.193876,0.284332,-0.146755,0.487477,-0.123652,0.287714,0.114393,0.116237,-0.338693,-0.041276,-0.249526,-0.207206,0.085225,-0.100685,0.225906,-0.103891,-0.233229,-0.04882,-0.300954,-0.079639
Catherine Morland,0.241973,0.420663,0.325023,-0.209411,-0.205513,-0.079484,-0.468013,-0.138307,-0.078719,0.471318,1.0,-0.405944,-0.15197,-0.224859,0.225558,-0.266496,-0.155964,-0.275177,0.247004,-0.29445,0.311085,0.430992,0.461811,0.31384,0.662968,0.095775,0.334544,-0.200975,-0.037151,0.043348,-0.17057,0.047155,-0.279824,-0.326826,-0.147362,0.031638,-0.252585,0.139824,-0.013411,0.58875,-0.361049,0.499744,-0.055358,-0.130279,0.042031,-0.275065,0.154736,0.587154,-0.269202,-0.13777,0.184646,-0.26445,-0.042302,0.375629,0.511513,0.479928,-0.04856,0.267764,-0.031225,0.384194,0.266655,-0.19531,0.182894,-0.031989,-0.077192,-0.302719,-0.13439,-0.272103,-0.163142,0.038182,0.364172,0.101435,0.377402,0.01465,0.59163,-0.064393,-0.121483,0.165038,-0.095581,-0.360037,0.313575,0.218164,-0.242004,0.068983,0.319034,-0.147821,0.424342,-0.101434,0.321126,0.136933,0.226471,-0.454422,0.005738,-0.398584,-0.320224,0.057733,-0.178753,0.250107,-0.206905,-0.292543,-0.101064,-0.40629,-0.116827
Charles Bingley,-0.203391,-0.304175,-0.249663,0.085991,0.170468,0.256279,0.384482,0.101397,0.102913,-0.261689,-0.405944,1.0,0.148428,0.153503,-0.286799,0.232687,0.23217,0.381805,-0.327888,0.37787,-0.350423,-0.430772,-0.256952,-0.254728,-0.426175,-0.037044,-0.081692,0.261726,0.036906,-0.031182,0.045875,-0.048382,0.281994,0.364109,0.217976,-0.056784,0.393475,0.041574,-0.096715,-0.366061,0.205628,-0.24182,0.150318,0.019483,0.08525,0.389923,0.084275,-0.363233,0.217138,0.139164,-0.235799,0.052426,0.127679,-0.342214,-0.336103,-0.358722,0.132634,-0.02654,0.078466,-0.240315,-0.052024,0.351599,-0.126933,0.057194,0.134451,0.090822,-0.010147,0.210117,0.273343,-0.030419,-0.424178,-0.276901,-0.100401,0.020759,-0.414734,0.152316,-0.125887,-0.115335,0.244119,0.07371,-0.388234,-0.278275,0.041769,-0.166094,-0.412032,-0.080951,-0.215516,0.057062,-0.199206,-0.097687,-0.295916,0.368212,-0.06906,0.57452,0.253037,-0.05823,0.046802,-0.243869,0.300844,0.292039,0.245995,0.500221,0.181263
Charles Musgrove,-0.058477,-0.08171,-0.024181,0.048387,-0.034499,0.06368,0.269207,-0.124304,0.018259,-0.043545,-0.15197,0.148428,1.0,0.015522,-0.107463,0.093456,0.077909,0.071167,-0.057277,0.132013,-0.249483,-0.074571,-0.301878,-0.030709,-0.106355,-0.082526,-0.14306,0.001078,0.16895,-0.09981,0.094631,0.120989,0.139632,-0.047189,0.208013,-0.021057,0.181211,-0.019534,-0.108298,-0.005547,0.070339,-0.019175,0.136735,-0.03875,0.016339,0.187814,0.101537,-0.060519,0.028882,0.068427,-0.09452,0.063144,0.105798,-0.022171,-0.18623,-0.10003,0.038319,0.116729,-0.097896,-0.285192,0.156526,0.153034,-0.144902,0.029067,-0.082936,0.071853,0.027956,0.061181,0.081944,-0.025054,-0.186653,-0.160418,-0.030336,0.044713,-0.126296,0.11172,-0.0509,0.018885,0.131129,-0.086753,-0.257479,-0.023139,0.01757,0.196846,-0.073496,-0.044904,-0.025409,-0.158946,-0.007375,-0.002301,-0.086271,0.265686,-0.070811,0.313879,0.019999,0.044456,0.047232,-0.177762,0.045843,0.133317,-0.004269,0.249781,0.100127
Charlotte Lucas,-0.129687,-0.08161,-0.104821,-0.023636,0.101049,-0.039769,0.094894,0.093027,0.112702,-0.230066,-0.224859,0.153503,0.015522,1.0,-0.072929,0.073555,-0.04606,-0.078505,-0.161033,0.154481,-0.153143,-0.307135,-0.175244,-0.125761,-0.266314,-0.001414,0.063194,0.190653,0.104005,-0.073585,0.04301,-0.071372,0.230119,0.258876,0.014709,0.109482,0.192744,0.001279,-0.048546,-0.126627,0.09897,-0.081908,0.134074,-0.115427,-0.04058,0.206205,0.091857,-0.283992,0.073516,-0.034784,0.014733,0.060769,0.080263,-0.215206,-0.091469,-0.232236,-0.055633,-0.069964,0.086471,0.007574,-0.240368,0.093215,-0.019978,0.084076,-0.131737,-0.10393,0.113596,0.094773,-0.103774,-0.103094,-0.088389,-0.079873,-0.166841,-0.129483,-0.261128,0.043518,0.137697,-0.075615,-0.049309,0.058691,-0.138235,-0.171511,0.080402,-0.092192,-0.226795,-0.107158,-0.306107,0.332206,-0.06116,-0.112843,-0.095919,0.175439,-0.03168,0.14333,0.264193,-0.023394,0.187072,0.08035,0.13201,0.184872,0.003547,0.206143,-0.066275
Charlotte Palmer,0.134843,0.209711,0.154251,-0.178109,0.07305,-0.392355,-0.38404,-0.101877,0.028191,0.002815,0.225558,-0.286799,-0.107463,-0.072929,1.0,-0.155965,-0.33648,-0.226154,0.227661,-0.283492,0.29196,0.378954,0.19932,0.341364,0.291851,0.096843,0.097171,-0.19051,0.045762,-0.121873,-0.036215,0.000734,-0.283406,0.086471,-0.056104,0.175285,-0.099836,-0.121587,0.168816,0.131034,-0.258494,-0.069456,-0.05683,0.1061,-0.055141,-0.289942,0.050782,0.248759,-0.197626,-0.132705,0.144231,-0.03395,0.023108,0.360725,0.325449,0.334066,-0.083601,0.098843,-0.064331,0.217661,0.028232,-0.173056,0.189239,-0.021725,-0.233603,-0.249464,0.046932,-0.17386,-0.294292,0.147693,0.34117,0.139427,-0.099477,-0.140345,0.260807,-0.03158,0.074429,-0.072015,-0.092759,-0.111419,0.203759,0.16753,-0.223195,0.052303,0.349145,0.068579,0.117275,0.107796,0.079205,0.050602,0.240169,-0.050853,0.032571,-0.413045,-0.151211,0.110965,-0.123247,0.2001,-0.238832,0.035309,-0.161301,-0.401403,-0.209538
Colonel Brandon,-0.219589,-0.160332,-0.112642,-0.036914,0.126731,0.009341,0.293691,0.094895,0.194315,-0.203677,-0.266496,0.232687,0.093456,0.073555,-0.155965,1.0,0.140731,0.060469,-0.107203,0.30594,-0.247907,-0.248822,-0.156503,-0.244955,-0.385497,-0.182588,-0.058812,0.264406,0.146728,0.219552,0.204426,0.066978,0.254762,0.149286,0.164487,-0.096249,0.150409,0.044047,-0.130944,-0.303209,0.253019,-0.233044,0.081107,0.024914,0.085163,0.284267,-0.102472,-0.322915,0.064548,-0.001328,-0.086226,0.080022,0.158777,-0.23927,-0.167919,-0.321478,-0.02525,-0.142217,-0.026511,-0.196607,-0.139257,0.01443,-0.016253,0.032848,0.105367,0.187525,0.0834,0.208586,0.022247,0.004577,-0.10055,-0.011299,-0.166267,0.052793,-0.414599,-0.066531,-0.100913,-0.04139,0.086354,0.126089,-0.156814,-0.198844,0.051396,-0.125533,-0.325258,0.066985,-0.341906,0.108393,-0.176291,0.028618,-0.254492,0.14522,0.064666,0.223403,0.217137,-0.05921,0.224936,-0.156549,0.064573,0.246276,-0.014175,0.354627,-0.039366
Colonel Fitzwilliam,-0.220004,-0.12779,-0.147373,0.128526,0.086311,0.218403,0.273408,-0.04746,-0.036141,-0.144083,-0.155964,0.23217,0.077909,-0.04606,-0.33648,0.140731,1.0,0.21848,-0.250051,0.254107,-0.33819,-0.343045,-0.158283,-0.288862,-0.253561,-0.198758,0.007621,0.090941,0.061123,0.026195,0.051478,-0.030695,0.142545,0.034527,0.147914,-0.040349,0.124116,0.007333,-0.161635,-0.132475,0.245978,-0.017503,0.037854,0.042624,0.109682,0.194764,-0.098236,-0.204592,0.177782,0.07939,-0.106031,-0.08565,0.08655,-0.369184,-0.22347,-0.209166,0.128376,-0.077208,0.147549,-0.139813,0.035834,0.192223,-0.120042,0.037538,0.248057,0.170314,-0.071671,0.070347,0.150121,-0.138536,-0.277134,-0.009892,-0.005932,0.137827,-0.339256,0.11596,-0.150517,0.037216,0.127622,0.057986,-0.228677,-0.189579,0.080856,-0.126767,-0.349645,-0.068372,-0.203351,-0.086565,-0.100572,-0.062761,-0.276747,0.163988,-0.084909,0.326183,0.23091,-0.198503,0.143253,-0.201325,0.130713,0.065036,0.125404,0.346271,0.088403
Dr. Grant,-0.06836,-0.196994,-0.077385,0.02081,0.138581,0.274105,0.235167,-0.024059,-0.150253,-0.214041,-0.275177,0.381805,0.071167,-0.078505,-0.226154,0.060469,0.21848,1.0,-0.197023,0.110131,-0.237571,-0.207388,-0.171197,-0.182773,-0.267912,0.109703,-0.078463,-0.050931,-0.045249,-0.106607,-0.051613,-0.088826,0.043492,0.064593,0.178543,-0.118355,0.102953,-0.007456,-0.045,-0.330842,0.087757,-0.25981,0.070587,0.079288,0.067973,0.152161,-0.11146,-0.185307,0.25243,0.30565,-0.207343,-0.00584,-0.029437,-0.164632,-0.277988,-0.235601,0.1297,-0.057987,0.176386,-0.175212,0.036408,0.373544,0.043415,-0.017832,0.215444,0.055392,0.057751,0.089481,0.324459,-0.024479,-0.263805,-0.200539,-0.04047,0.161356,-0.252162,0.012809,0.093698,-0.141163,0.285019,0.028575,-0.311027,-0.145915,0.080667,-0.149399,-0.239989,-0.052447,-0.092869,-0.088889,-0.111947,0.029357,-0.146405,0.152999,-0.07673,0.389803,0.089915,0.003358,-0.140204,-0.280155,0.172963,0.176382,0.234087,0.130546,0.203843
Edmund Bertram,0.034596,0.291651,0.37647,-0.174306,-0.200543,-0.192204,-0.317886,-0.027261,0.199142,0.144979,0.247004,-0.327888,-0.057277,-0.161033,0.227661,-0.107203,-0.250051,-0.197023,1.0,-0.128683,0.280603,0.461958,0.416714,0.158642,0.365365,0.13587,0.254859,-0.032608,0.217491,0.055607,0.034015,0.185159,-0.166536,-0.245233,-0.120029,0.037585,0.031038,0.090681,-0.0274,0.143829,-0.249586,0.122924,-0.153223,-0.031795,0.031667,-0.135198,0.102031,0.259831,-0.265915,-0.169043,0.069324,-0.034491,0.018644,0.228047,0.19627,0.108759,0.054317,0.129047,-0.170383,0.207322,0.092331,-0.198478,0.083005,0.087121,-0.101225,-0.267216,-0.057526,-0.001862,-0.055696,0.135802,0.338053,0.165171,0.119256,0.029618,0.258569,-0.19141,-0.069158,-0.106808,0.091737,-0.32478,0.324055,0.385984,-0.200664,0.167137,0.235605,0.049608,0.208034,-0.067677,0.051123,0.092262,0.010447,-0.267057,0.077825,-0.253157,-0.250796,0.411471,-0.00362,0.191364,-0.049828,-0.055385,-0.065055,-0.25158,0.037068
Edward Ferrars,-0.300507,-0.083957,0.023667,0.041704,0.172092,0.219164,0.394058,0.085968,0.190946,-0.189719,-0.29445,0.37787,0.132013,0.154481,-0.283492,0.30594,0.254107,0.110131,-0.128683,1.0,-0.351319,-0.317068,-0.085398,-0.256872,-0.264176,-0.203251,0.178563,0.29338,0.189888,0.166557,-0.033712,-0.103399,0.308786,0.232553,0.257409,0.079579,0.267653,0.066838,-0.252337,-0.291595,0.218016,-0.063581,0.180985,-0.007524,0.146709,0.449451,0.005957,-0.426159,0.158807,0.04027,-0.125959,0.094585,0.222063,-0.312996,-0.241847,-0.461547,0.155883,-0.011131,0.074538,-0.093543,-0.09149,0.241842,-0.09412,0.089323,0.097729,0.03938,0.047201,0.171557,0.149212,-0.059178,-0.204396,-0.003804,-0.143466,0.203575,-0.480001,0.058387,-0.193499,-0.00132,0.194934,-0.051631,-0.123165,-0.219222,0.001359,-0.239929,-0.477828,-0.088621,-0.342569,0.071825,-0.244146,0.023121,-0.474336,0.171296,0.020981,0.427788,0.225121,0.017867,0.310688,-0.150318,0.25993,0.214278,0.006231,0.443964,0.047961
Eleanor Tilney,0.283184,0.262191,0.064092,-0.219854,-0.171488,-0.160474,-0.381198,-0.041875,0.056072,0.262353,0.311085,-0.350423,-0.249483,-0.153143,0.29196,-0.247907,-0.33819,-0.237571,0.280603,-0.351319,1.0,0.389922,0.171973,0.26598,0.391222,0.282305,-0.076134,-0.216048,-0.229846,-0.073975,-0.075103,0.05468,-0.265813,-0.119256,-0.39745,0.054362,-0.1141,0.084329,0.154783,0.284001,-0.273501,0.122903,-0.187749,-0.00035,-0.083402,-0.402893,0.013238,0.293504,-0.263768,-0.105458,0.159974,-0.009838,-0.183503,0.300497,0.305284,0.335161,-0.105884,0.042809,-0.141989,0.307278,-0.018369,-0.280384,0.016985,0.032043,-0.119993,-0.203948,0.085342,-0.045425,-0.157656,0.149113,0.414805,0.017793,0.200585,-0.10288,0.476617,0.001467,0.08402,-0.011967,-0.207047,-0.181786,0.386486,0.173887,-0.197937,0.015654,0.505063,-0.101976,0.303473,0.01224,0.156694,-0.011482,0.369155,-0.172783,0.048049,-0.542705,-0.203097,0.128365,-0.227922,0.338575,-0.131179,-0.235554,-0.112259,-0.397674,-0.042565
Elinor Dashwood,0.119777,0.333243,0.44868,-0.202355,-0.258433,-0.154993,-0.446886,-0.189307,-0.097273,0.395451,0.430992,-0.430772,-0.074571,-0.307135,0.378954,-0.248822,-0.343045,-0.207388,0.461958,-0.317068,0.389922,1.0,0.534538,0.334345,0.673895,0.100564,0.263427,-0.2422,-0.009361,-0.101164,0.015515,0.182502,-0.272366,-0.380675,-0.069783,0.107928,-0.276213,0.019305,0.072171,0.379012,-0.431348,0.286607,-0.137008,-0.090495,-0.189425,-0.330401,0.041906,0.494126,-0.36257,-0.056402,0.136193,-0.012874,-0.125418,0.612834,0.290551,0.34195,-0.030593,0.378642,-0.149955,0.219068,0.390843,-0.254266,0.031364,-0.098685,-0.001957,-0.301405,-0.074279,-0.208633,-0.040289,0.031791,0.404591,0.066253,0.204433,0.077505,0.552303,-0.174846,-0.017371,0.036662,0.093212,-0.30509,0.386246,0.414299,-0.319373,0.343409,0.525685,0.030445,0.549386,-0.054377,0.147679,0.080065,0.161091,-0.356834,-0.009961,-0.438404,-0.43333,0.296354,-0.127091,0.197609,-0.219691,-0.142086,-0.085826,-0.50515,-0.031904
Elizabeth Bennet,-0.10522,0.358936,0.550633,-0.165811,-0.122758,-0.026299,-0.412216,-0.041877,0.075343,0.311178,0.461811,-0.256952,-0.301878,-0.175244,0.19932,-0.156503,-0.158283,-0.171197,0.416714,-0.085398,0.171973,0.534538,1.0,0.263364,0.557268,0.073248,0.561265,-0.073283,0.127396,0.092656,-0.06299,0.075758,-0.23543,-0.288621,0.07443,0.050925,-0.123742,0.046592,-0.072329,0.230141,-0.345339,0.37351,-0.083556,-0.06051,-0.174087,-0.165756,0.04685,0.223704,-0.243915,-0.005539,0.077968,-0.062026,0.041004,0.212261,0.305931,0.098232,0.130846,0.295489,0.017522,0.423728,0.18807,-0.160001,0.000569,0.032229,0.089982,-0.384282,-0.161241,-0.108097,-0.046487,-0.054603,0.350087,0.196697,0.24757,0.062567,0.312548,-0.180103,-0.146085,-0.033189,0.148409,-0.269999,0.423026,0.344204,-0.232581,0.066903,0.101623,0.079587,0.277928,-0.05154,0.00669,0.083574,-0.152893,-0.461185,0.05227,-0.261526,-0.257147,0.385307,0.064687,0.286971,-0.047495,-0.158925,0.081273,-0.306485,0.005667
Elizabeth Elliot,0.097395,0.187787,0.233024,-0.127362,-0.084036,-0.1583,-0.259927,-0.117229,0.041618,0.116114,0.31384,-0.254728,-0.030709,-0.125761,0.341364,-0.244955,-0.288862,-0.182773,0.158642,-0.256872,0.26598,0.334345,0.263364,1.0,0.417518,0.061181,0.162272,-0.209173,-0.017744,-0.018902,-0.112785,-0.03059,-0.294265,-0.100484,-0.016121,0.13322,-0.041484,-0.178655,0.255907,0.208296,-0.28735,0.175517,-0.019132,0.01313,-0.083486,-0.272554,0.148167,0.247785,-0.197894,-0.029648,0.204666,0.082374,-0.111702,0.2629,0.309837,0.322313,0.015058,0.224562,-0.108234,0.225309,0.108088,-0.222477,0.003306,-0.041978,-0.241339,-0.158634,-0.033937,-0.184253,-0.146923,0.072018,0.171941,0.037267,0.11215,-0.241028,0.376344,-0.020376,-0.113205,0.002074,-0.140415,-0.015763,0.097132,0.149424,-0.155514,0.035989,0.330568,-0.107686,0.297533,0.007194,0.056896,0.084323,0.202892,-0.160991,0.144489,-0.336952,-0.311702,0.183789,-0.115698,0.102338,-0.159581,-0.223108,-0.008749,-0.246313,0.023912
Emma Woodhouse,0.165684,0.514386,0.418859,-0.22961,-0.26173,0.018211,-0.476039,-0.142776,-0.03637,0.514789,0.662968,-0.426175,-0.106355,-0.266314,0.291851,-0.385497,-0.253561,-0.267912,0.365365,-0.264176,0.391222,0.673895,0.557268,0.417518,1.0,0.04034,0.381084,-0.201093,-0.068843,-0.100226,-0.220189,0.183282,-0.340525,-0.379003,-0.087603,0.036505,-0.221631,0.121807,0.026769,0.607714,-0.486495,0.46486,-0.060625,-0.108772,-0.152864,-0.352122,0.170448,0.597277,-0.276625,-0.105605,0.122793,-0.087915,-0.168319,0.494764,0.428043,0.492573,-0.05738,0.355762,-0.118553,0.385886,0.333693,-0.171163,0.051759,-0.106409,-0.031409,-0.397249,-0.153635,-0.294497,-0.092184,0.0086,0.429375,0.063523,0.35869,0.05328,0.643871,-0.041461,-0.078402,0.116929,-0.028049,-0.36047,0.399265,0.270541,-0.303191,0.170124,0.465652,-0.121641,0.570436,-0.105875,0.23728,0.109099,0.237705,-0.364219,0.021054,-0.446614,-0.369918,0.189096,-0.187679,0.356953,-0.171276,-0.236719,-0.080183,-0.476115,-0.050175
Fanny Dashwood,0.109663,0.071467,0.081761,-0.054587,-0.047136,-0.049164,-0.149731,-0.058491,0.05767,0.018692,0.095775,-0.037044,-0.082526,-0.001414,0.096843,-0.182588,-0.198758,0.109703,0.13587,-0.203251,0.282305,0.100564,0.073248,0.061181,0.04034,1.0,-0.045586,-0.1562,-0.086522,-0.076397,0.043485,-0.024502,-0.118829,-0.046096,-0.1412,0.013783,-0.035805,-0.056914,0.122101,-0.072013,-0.120215,0.02458,0.06389,-0.008577,-0.033562,-0.102764,-0.05287,0.058904,-0.0917,0.057159,0.011771,-0.055625,-0.039399,0.151062,0.026182,0.104368,0.053872,0.043217,-0.041427,0.093681,-0.054511,-0.017888,0.021332,0.031231,-0.072967,-0.149718,0.0202,0.00361,-0.045325,0.075162,0.11317,-0.070951,0.051643,0.034624,0.141397,-0.07294,0.120525,-0.093578,-0.024864,-0.056931,0.038402,0.102992,-0.072729,0.053188,0.159619,-0.005384,0.066277,-0.072563,0.041223,-0.012524,0.068806,-0.090379,-0.031332,-0.10469,-0.171185,0.184436,-0.214608,-0.04004,-0.033114,-0.074247,-0.025333,-0.096904,0.029905
Fanny Price,-0.219042,0.362944,0.600325,-0.150801,0.060224,0.010192,-0.229463,-0.110922,0.12673,0.055595,0.334544,-0.081692,-0.14306,0.063194,0.097171,-0.058812,0.007621,-0.078463,0.254859,0.178563,-0.076134,0.263427,0.561265,0.162272,0.381084,-0.045586,1.0,0.043337,0.344674,0.082428,-0.164499,0.010052,-0.106946,-0.080268,0.358821,0.15983,0.011532,0.095396,-0.106419,0.206216,-0.247766,0.332611,0.1105,-0.123176,-0.046283,0.0946,0.093538,0.066641,-0.093603,-0.033708,0.075143,-0.053482,0.189031,0.004271,0.220287,-0.089719,0.240076,0.374202,0.076787,0.314716,0.179776,0.09332,0.010516,0.064858,-0.011005,-0.457831,-0.151776,-0.133196,0.021888,-0.151076,0.235922,0.022613,0.107703,0.131375,0.00384,-0.039502,-0.179529,0.091886,0.170574,-0.256637,0.106873,0.13612,-0.102841,-0.064336,-0.079428,-0.142576,0.101944,0.135706,-0.028289,0.118271,-0.302389,-0.282762,0.073472,-0.017659,-0.134198,0.306279,0.082084,0.147141,0.192942,-0.06107,0.012578,-0.066545,-0.007224
Fitzwilliam Darcy,-0.090281,-0.17225,-0.123178,0.006297,0.097328,0.124796,0.223686,0.136291,0.15993,-0.161359,-0.200975,0.261726,0.001078,0.190653,-0.19051,0.264406,0.090941,-0.050931,-0.032608,0.29338,-0.216048,-0.2422,-0.073283,-0.209173,-0.201093,-0.1562,0.043337,1.0,0.106015,0.170204,0.110842,0.133091,0.397172,0.303418,0.070895,-0.118597,0.243797,0.128233,-0.295414,-0.106069,0.170226,-0.0886,0.0483,-0.026375,0.112543,0.352634,0.079885,-0.275901,-0.010466,-0.148202,-0.191673,-0.000783,0.168598,-0.210943,-0.132913,-0.204167,-0.009391,-0.027609,-0.07068,-0.025485,-0.197431,0.029908,0.040855,0.110225,-0.046431,0.028183,-0.0828,0.116806,-0.042758,-0.036263,-0.151818,0.010214,-0.193893,-0.060887,-0.24754,0.019429,-0.058008,-0.029012,-0.043216,0.035078,-0.130464,-0.166191,-0.060126,-0.014044,-0.351449,-0.012323,-0.243714,0.100843,-0.105699,-0.033956,-0.218969,0.242818,0.109555,0.346753,0.201004,-0.041834,0.258885,-0.102495,0.082995,0.134357,0.076825,0.34162,0.002421
Frank Churchill,-0.178048,0.13696,0.284858,-0.098684,0.179408,-0.121763,-0.02141,-0.046346,0.342205,-0.125765,-0.037151,0.036906,0.16895,0.104005,0.045762,0.146728,0.061123,-0.045249,0.217491,0.189888,-0.229846,-0.009361,0.127396,-0.017744,-0.068843,-0.086522,0.344674,0.106015,1.0,0.013269,0.105227,0.026113,0.054356,0.009874,0.288652,0.038822,0.245411,-0.053337,-0.211668,-0.128864,0.03755,-0.004649,0.184531,-0.080347,0.1329,0.231822,0.043893,-0.147611,-0.096936,-0.045939,-0.036353,-0.046377,0.281862,-0.158286,0.004975,-0.189737,0.205313,0.222614,-0.059855,-0.024913,0.11048,0.107343,-0.030746,0.150926,-0.08401,-0.153336,0.052173,0.145987,-0.017446,0.044851,0.012779,-0.079402,-0.099263,0.047416,-0.186501,-0.118137,-0.177188,-0.061199,0.188682,-0.174154,-0.087388,0.050907,-0.087706,0.040701,-0.162491,-0.050637,-0.135742,0.115403,-0.038275,0.05631,-0.291833,0.005038,-0.005654,0.166555,0.051193,0.217212,0.172019,0.01582,0.238821,0.249863,0.007524,0.162602,0.006031
Frederick Tilney,-0.039751,-0.006299,0.047271,0.009623,-0.004592,-0.068564,0.045723,0.005089,0.047767,-0.010284,0.043348,-0.031182,-0.09981,-0.073585,-0.121873,0.219552,0.026195,-0.106607,0.055607,0.166557,-0.073975,-0.101164,0.092656,-0.018902,-0.100226,-0.076397,0.082428,0.170204,0.013269,1.0,0.082934,-0.071063,0.14951,0.029049,0.001558,-0.002665,0.058224,0.028915,-0.132187,-0.055577,0.11526,0.08986,-0.079054,-0.023101,0.06049,0.098216,-0.018689,-0.113063,0.007031,-0.18778,0.030546,-0.045355,0.142704,-0.09902,0.080099,-0.095904,0.042484,-0.096564,0.041821,-0.01308,-0.18914,-0.231998,0.078807,0.115113,-0.090428,0.011898,-0.052639,0.042681,-0.070582,-0.087396,0.04229,0.196038,-0.084227,-0.057494,-0.162644,-0.136957,-0.186191,0.07428,-0.026931,-0.013828,0.106436,-0.006377,0.032831,-0.187853,-0.140042,-0.063185,-0.139333,0.044298,0.016484,0.065005,-0.175839,-0.118821,0.194258,0.031887,-0.004722,0.033863,0.17933,-0.037125,-0.044422,-0.048201,-0.142899,0.089451,-0.050658
General Tilney,-0.10225,-0.134934,-0.082968,0.008667,-0.014819,-0.129063,0.042243,-0.087603,0.055645,-0.109554,-0.17057,0.045875,0.094631,0.04301,-0.036215,0.204426,0.051478,-0.051613,0.034015,-0.033712,-0.075103,0.015515,-0.06299,-0.112785,-0.220189,0.043485,-0.164499,0.110842,0.105227,0.082934,1.0,0.100949,0.10136,-0.031568,-0.067739,-0.121198,0.068728,-0.063871,-0.088759,-0.123933,0.131459,-0.145003,-0.080411,-0.077323,-0.07,0.104856,-0.088864,-0.057703,-0.123843,0.048045,-0.034846,-0.097711,0.079417,-0.094958,-0.124417,-0.016451,0.008193,0.049053,-0.098171,-0.232973,0.046601,-0.008488,-0.102894,-0.032338,0.035801,0.106635,0.038118,-0.002828,0.023755,0.093852,-0.077269,-0.046435,-0.110916,0.081909,-0.097519,-0.114905,0.005604,-0.081579,0.107615,0.042725,-0.158228,0.089314,-0.054556,0.135981,-0.033098,0.077783,-0.028033,0.0404,-0.006974,-0.06788,-0.108743,0.158523,0.036298,0.054177,0.052732,0.075254,0.076645,-0.0983,-0.047787,0.183203,0.038379,0.091205,0.139425
George Knightley,0.073301,0.214543,0.091174,-0.033847,-0.198214,-0.002194,-0.064553,0.212699,0.069763,0.0469,0.047155,-0.048382,0.120989,-0.071372,0.000734,0.066978,-0.030695,-0.088826,0.185159,-0.103399,0.05468,0.182502,0.075758,-0.03059,0.183282,-0.024502,0.010052,0.133091,0.026113,-0.071063,0.100949,1.0,0.034078,-0.124767,-0.114021,-0.208111,0.069811,0.050368,-0.103373,0.075383,-0.13633,0.041978,-0.180935,-0.054013,-0.106467,-0.011875,0.040254,0.117575,-0.186275,-0.057042,-0.181542,-0.027496,-0.020342,0.142266,-0.174516,0.024488,-0.124976,0.027473,-0.162319,0.059343,0.078281,0.079516,0.024623,0.002657,0.006762,-0.057131,-0.049989,-0.088581,0.072373,0.003192,0.050305,0.072287,-0.004629,0.014767,0.087687,-0.101682,0.10988,-0.090734,0.026367,-0.117036,0.083312,0.10327,-0.065157,0.209535,0.08821,0.165639,0.089879,-0.130329,0.065592,-0.16971,0.043204,0.01089,-0.11446,-0.044942,0.024228,0.08704,0.079339,0.028161,-0.089142,0.078421,0.017931,-0.023827,-0.061662
George Wickham,-0.103261,-0.235818,-0.184011,0.075352,0.078071,0.057222,0.392558,0.038632,0.121923,-0.168991,-0.279824,0.281994,0.139632,0.230119,-0.283406,0.254762,0.142545,0.043492,-0.166536,0.308786,-0.265813,-0.272366,-0.23543,-0.294265,-0.340525,-0.118829,-0.106946,0.397172,0.054356,0.14951,0.10136,0.034078,1.0,0.106835,0.122375,-0.135605,0.220533,-0.06693,-0.159199,-0.244507,0.296078,-0.109273,0.055997,0.035954,0.17815,0.52808,-0.054465,-0.334886,0.046158,-0.004401,-0.117975,0.037055,0.081592,-0.258862,-0.303269,-0.283981,-0.036664,-0.061279,0.134644,-0.153106,-0.185763,0.041438,-0.02864,0.112837,0.00389,0.222144,0.012189,0.130212,0.040055,-0.119771,-0.280871,-0.050863,-0.122765,-0.093389,-0.348679,0.021571,-0.000285,-0.041389,-0.033484,0.102171,-0.214607,-0.215325,0.015684,-0.123441,-0.339891,-0.00776,-0.291161,0.034497,-0.183834,-0.048644,-0.19517,0.262741,-0.026033,0.371257,0.233437,-0.099429,0.143502,-0.178413,0.069068,0.160209,0.121784,0.487522,0.065709
Georgiana Darcy,-0.115963,-0.287186,-0.232865,-0.07241,0.368252,-0.068211,0.177362,0.045966,0.100122,-0.359672,-0.326826,0.364109,-0.047189,0.258876,0.086471,0.149286,0.034527,0.064593,-0.245233,0.232553,-0.119256,-0.380675,-0.288621,-0.100484,-0.379003,-0.046096,-0.080268,0.303418,0.009874,0.029049,-0.031568,-0.124767,0.106835,1.0,0.111558,0.166168,0.253842,0.025312,0.029022,-0.281297,0.063665,-0.271127,0.186644,-0.042836,0.025102,0.187586,0.164714,-0.324731,0.147191,0.016804,-0.110676,0.087103,0.185961,-0.174354,-0.117332,-0.204845,-0.006117,-0.144047,0.02132,-0.035051,-0.221754,0.106195,0.023616,0.089124,-0.092912,-0.017932,0.077502,0.151741,-0.123371,-0.069289,-0.190066,0.053932,-0.248444,-0.138703,-0.354137,0.13938,0.091632,-0.091255,-0.013842,0.098462,-0.219089,-0.245757,0.017992,-0.24253,-0.289281,-0.149844,-0.345407,0.234405,-0.055327,-0.098671,-0.091931,0.324728,0.158242,0.219696,0.229013,-0.15687,0.141444,-0.112719,0.059112,0.21794,-0.03352,0.212523,-0.046701
Harriet Smith,-0.314737,-0.062689,0.264136,0.072735,0.231772,0.093339,0.221893,-0.153873,0.040336,-0.257642,-0.147362,0.217976,0.208013,0.014709,-0.056104,0.164487,0.147914,0.178543,-0.120029,0.257409,-0.39745,-0.069783,0.07443,-0.016121,-0.087603,-0.1412,0.358821,0.070895,0.288652,0.001558,-0.067739,-0.114021,0.122375,0.111558,1.0,0.20574,0.132424,-0.145186,-0.093631,-0.218429,0.072443,0.025926,0.307828,-0.070882,-0.041721,0.308049,0.131087,-0.222607,0.172578,0.104635,-0.087942,0.192832,0.311864,-0.134138,-0.112333,-0.340279,0.24225,0.273722,0.206726,-0.138034,0.245422,0.272752,-0.217449,-0.078843,0.047108,-0.028303,-0.11163,0.010629,0.081135,-0.099246,-0.218901,-0.17649,-0.080936,0.057005,-0.354543,0.046157,-0.139666,-0.028623,0.220217,0.041953,-0.313694,-0.063307,0.078448,0.033235,-0.259233,0.075119,-0.133192,0.062885,-0.168395,0.112309,-0.391121,0.035259,-0.004466,0.319353,-0.057345,0.00511,0.131231,-0.323368,0.136147,0.094085,0.042573,0.239469,0.094149
Henrietta Musgrove,-0.134598,0.051995,0.097734,-0.088712,0.14347,-0.180608,-0.063248,-0.125582,0.01807,-0.056418,0.031638,-0.056784,-0.021057,0.109482,0.175285,-0.096249,-0.040349,-0.118355,0.037585,0.079579,0.054362,0.107928,0.050925,0.13322,0.036505,0.013783,0.15983,-0.118597,0.038822,-0.002665,-0.121198,-0.208111,-0.135605,0.166168,0.20574,1.0,0.031343,-0.068379,0.125401,-0.048854,-0.12312,0.031333,0.215172,-0.122482,-0.144214,-0.03814,0.120108,-0.01075,-0.022975,-0.024635,0.184878,0.109104,0.090751,0.131472,0.22023,-0.052342,0.167362,0.103267,0.04447,-0.018059,0.064776,-0.051323,-0.122726,-0.055644,-0.120145,-0.179995,0.010116,-0.026993,-0.135253,-0.066361,0.036672,0.108021,-0.039712,-0.032393,-0.08089,0.123576,-0.028499,-0.003151,-0.075056,-0.031167,0.075772,0.051952,-0.031162,-0.045514,0.076117,-0.050335,0.033911,0.105894,0.11812,0.015376,-0.109296,-0.028038,0.009661,-0.094315,-0.120155,0.034476,0.062171,-0.062876,-0.0752,-0.141139,-0.155468,-0.067433,-0.055155
Henry Crawford,-0.16772,-0.058529,-0.052034,-0.058599,0.033861,0.066654,0.189086,0.086578,0.345929,-0.274951,-0.252585,0.393475,0.181211,0.192744,-0.099836,0.150409,0.124116,0.102953,0.031038,0.267653,-0.1141,-0.276213,-0.123742,-0.041484,-0.221631,-0.035805,0.011532,0.243797,0.245411,0.058224,0.068728,0.069811,0.220533,0.253842,0.132424,0.031343,1.0,-0.02654,-0.020277,-0.266702,0.093046,-0.195318,0.057369,-0.05813,0.101931,0.300658,0.241496,-0.288973,-0.022011,0.025759,-0.153317,0.141257,0.24748,-0.232228,-0.168543,-0.251429,0.142136,-0.044818,-0.05476,-0.064859,-0.093779,0.171456,-0.103788,0.13201,-0.086762,-0.044507,0.023363,0.263599,0.074353,0.038947,-0.18755,-0.099521,-0.119469,-0.089583,-0.305864,-0.031726,-0.154266,-0.154836,0.173321,-0.089519,-0.199479,-0.060572,-0.037107,-0.126096,-0.268009,-0.132643,-0.187993,0.061022,-0.115905,-0.134308,-0.234386,0.256911,0.098185,0.347839,0.152201,0.177104,0.148089,-0.024653,0.227854,0.210988,0.127686,0.387243,0.192213
Henry Tilney,0.072174,0.032106,0.029838,-0.126478,-0.067543,0.224992,-0.083975,-0.052607,-0.079003,0.278589,0.139824,0.041574,-0.019534,0.001279,-0.121587,0.044047,0.007333,-0.007456,0.090681,0.066838,0.084329,0.019305,0.046592,-0.178655,0.121807,-0.056914,0.095396,0.128233,-0.053337,0.028915,-0.063871,0.050368,-0.06693,0.025312,-0.145186,-0.068379,-0.02654,1.0,-0.11894,0.282688,-0.157939,0.132198,-0.0133,-0.149586,0.002386,-0.010426,0.019727,0.236766,-0.028325,-0.052834,-0.083987,-0.145168,-0.022535,0.144082,0.141484,0.073401,-0.08042,0.069236,-0.041282,0.001562,0.096276,0.002928,0.090874,-0.165961,0.151712,-0.173881,-0.101627,-0.059449,0.037094,-0.086202,0.209769,0.000996,0.271674,0.23072,0.113591,0.035269,-0.034624,0.137493,0.073857,-0.27055,0.096445,-0.106136,-0.096385,-0.009881,0.029655,-0.247118,0.151572,0.031408,0.105728,0.105953,-0.026958,-0.169474,-0.004506,0.091774,0.061319,-0.027568,0.086127,0.095928,0.098692,-0.069432,-0.119828,-0.092869,-0.027423
Isabella Knightley,-0.000449,-0.109896,-0.034077,-0.034718,-0.035383,-0.121826,-0.068319,0.006129,0.015331,-0.109727,-0.013411,-0.096715,-0.108298,-0.048546,0.168816,-0.130944,-0.161635,-0.045,-0.0274,-0.252337,0.154783,0.072171,-0.072329,0.255907,0.026769,0.122101,-0.106419,-0.295414,-0.211668,-0.132187,-0.088759,-0.103373,-0.159199,0.029022,-0.093631,0.125401,-0.020277,-0.11894,1.0,-0.006571,-0.106374,-0.138102,-0.011468,0.155836,-0.087748,-0.252624,-0.066211,0.152144,-0.100581,0.01339,0.174637,0.238836,-0.16252,0.139888,0.072674,0.089786,-0.048106,-0.157894,-0.009948,0.054386,-0.011476,-0.080597,-0.079622,0.006414,-0.081306,0.02233,0.016014,0.035852,-0.111611,0.030013,0.047961,-0.056676,0.010115,-0.18759,0.125537,-0.058891,0.029455,-0.120215,-0.078325,0.224151,-0.027241,0.056588,0.022436,0.055385,0.213827,-0.02612,0.140034,-0.030456,-0.03318,-0.087955,0.248248,-0.04196,0.107151,-0.213918,-0.099472,0.010897,-0.161065,-0.000848,-0.099134,-0.128664,-0.026321,-0.120069,-0.043185
